[
    [
        51.243874,
        37.763984
    ],
    [
        51.24377,
        37.762061
    ],
    [
        51.24372,
        37.761454
    ],
    [
        51.243372,
        37.760096
    ],
    [
        51.24297,
        37.758491
    ],
    [
        51.242898,
        37.758054
    ],
    [
        51.242927,
        37.757736
    ],
    [
        51.24305,
        37.757417
    ],
    [
        51.243281,
        37.757246
    ],
    [
        51.243843,
        37.756897
    ],
    [
        51.243944,
        37.756782
    ],
    [
        51.244434,
        37.756607
    ],
    [
        51.244598,
        37.756696
    ],
    [
        51.244783,
        37.757005
    ],
    [
        51.244985,
        37.75786
    ],
    [
        51.245344,
        37.759513
    ],
    [
        51.245632,
        37.760874
    ],
    [
        51.245872,
        37.76204
    ],
    [
        51.246205,
        37.763315
    ],
    [
        51.246581,
        37.764808
    ],
    [
        51.246825,
        37.765483
    ],
    [
        51.247092,
        37.765932
    ],
    [
        51.247609,
        37.766509
    ],
    [
        51.248023,
        37.767188
    ],
    [
        51.248485,
        37.768058
    ],
    [
        51.248826,
        37.768169
    ],
    [
        51.249863,
        37.767828
    ],
    [
        51.250911,
        37.767526
    ],
    [
        51.252099,
        37.768617
    ],
    [
        51.25262,
        37.768827
    ],
    [
        51.253258,
        37.768764
    ],
    [
        51.253439,
        37.769123
    ],
    [
        51.253483,
        37.771006
    ],
    [
        51.253233,
        37.773637
    ],
    [
        51.252866,
        37.776446
    ],
    [
        51.254155,
        37.779101
    ],
    [
        51.256564,
        37.783729
    ],
    [
        51.257946,
        37.786389
    ],
    [
        51.258639,
        37.787496
    ],
    [
        51.260137,
        37.789164
    ],
    [
        51.26252,
        37.791846
    ],
    [
        51.264954,
        37.794573
    ],
    [
        51.266246,
        37.796046
    ],
    [
        51.26792,
        37.799173
    ],
    [
        51.26962,
        37.802259
    ],
    [
        51.271425,
        37.805636
    ],
    [
        51.271549,
        37.806181
    ],
    [
        51.271537,
        37.806411
    ],
    [
        51.271622,
        37.806683
    ],
    [
        51.271775,
        37.806819
    ],
    [
        51.271969,
        37.80673
    ],
    [
        51.272096,
        37.806448
    ],
    [
        51.27204,
        37.806026
    ],
    [
        51.271957,
        37.805645
    ],
    [
        51.272178,
        37.803372
    ],
    [
        51.272525,
        37.799919
    ],
    [
        51.272815,
        37.798787
    ],
    [
        51.273029,
        37.798233
    ],
    [
        51.273212,
        37.797876
    ],
    [
        51.273438,
        37.797556
    ],
    [
        51.273805,
        37.797166
    ],
    [
        51.274959,
        37.795936
    ],
    [
        51.277491,
        37.7935
    ],
    [
        51.278904,
        37.792088
    ],
    [
        51.280397,
        37.790627
    ],
    [
        51.281833,
        37.789175
    ],
    [
        51.282934,
        37.788118
    ],
    [
        51.283337,
        37.787954
    ],
    [
        51.284045,
        37.788071
    ],
    [
        51.284364,
        37.788286
    ],
    [
        51.284487,
        37.788403
    ],
    [
        51.28466,
        37.78845
    ],
    [
        51.284772,
        37.788328
    ],
    [
        51.284784,
        37.788281
    ],
    [
        51.284848,
        37.788221
    ],
    [
        51.285096,
        37.788186
    ],
    [
        51.286046,
        37.788142
    ],
    [
        51.286548,
        37.788043
    ],
    [
        51.286941,
        37.787893
    ],
    [
        51.287393,
        37.787535
    ],
    [
        51.287689,
        37.787277
    ],
    [
        51.288525,
        37.786176
    ],
    [
        51.289428,
        37.784853
    ],
    [
        51.291102,
        37.782408
    ],
    [
        51.292246,
        37.780741
    ],
    [
        51.293466,
        37.778936
    ],
    [
        51.294305,
        37.777657
    ],
    [
        51.295717,
        37.775649
    ],
    [
        51.297138,
        37.773668
    ],
    [
        51.298891,
        37.771249
    ],
    [
        51.29981,
        37.770136
    ],
    [
        51.301048,
        37.768821
    ],
    [
        51.301638,
        37.768435
    ],
    [
        51.301875,
        37.767863
    ],
    [
        51.302116,
        37.767398
    ],
    [
        51.303192,
        37.766003
    ],
    [
        51.304194,
        37.764564
    ],
    [
        51.305214,
        37.763167
    ],
    [
        51.30627,
        37.761605
    ],
    [
        51.307405,
        37.759961
    ],
    [
        51.308961,
        37.757717
    ],
    [
        51.309995,
        37.756201
    ],
    [
        51.31091,
        37.754816
    ],
    [
        51.312735,
        37.752196
    ],
    [
        51.314571,
        37.749552
    ],
    [
        51.315701,
        37.74813
    ],
    [
        51.316824,
        37.746773
    ],
    [
        51.318678,
        37.744965
    ],
    [
        51.320225,
        37.743613
    ],
    [
        51.322438,
        37.742087
    ],
    [
        51.324478,
        37.740952
    ],
    [
        51.325494,
        37.740533
    ],
    [
        51.326734,
        37.740335
    ],
    [
        51.32726,
        37.740213
    ],
    [
        51.327886,
        37.740312
    ],
    [
        51.328305,
        37.740771
    ],
    [
        51.32842,
        37.741084
    ],
    [
        51.328464,
        37.741329
    ],
    [
        51.328472,
        37.741696
    ],
    [
        51.328422,
        37.742043
    ],
    [
        51.328326,
        37.742304
    ],
    [
        51.328156,
        37.742521
    ],
    [
        51.327975,
        37.742663
    ],
    [
        51.327703,
        37.742708
    ],
    [
        51.327442,
        37.742579
    ],
    [
        51.32703,
        37.741824
    ],
    [
        51.32691,
        37.741461
    ],
    [
        51.326729,
        37.740823
    ],
    [
        51.326449,
        37.739632
    ],
    [
        51.325999,
        37.737325
    ],
    [
        51.325804,
        37.735959
    ],
    [
        51.325739,
        37.735126
    ],
    [
        51.325117,
        37.728391
    ],
    [
        51.32432,
        37.719459
    ],
    [
        51.323707,
        37.712484
    ],
    [
        51.323505,
        37.710567
    ],
    [
        51.32322,
        37.707671
    ],
    [
        51.322978,
        37.705361
    ],
    [
        51.322793,
        37.703367
    ],
    [
        51.322553,
        37.700744
    ],
    [
        51.322449,
        37.699666
    ],
    [
        51.320511,
        37.677991
    ],
    [
        51.319497,
        37.667185
    ],
    [
        51.318763,
        37.653478
    ],
    [
        51.317318,
        37.643164
    ],
    [
        51.317022,
        37.641595
    ],
    [
        51.316715,
        37.64037
    ],
    [
        51.316419,
        37.639106
    ],
    [
        51.31625,
        37.638381
    ],
    [
        51.315339,
        37.634409
    ],
    [
        51.314673,
        37.632209
    ],
    [
        51.314123,
        37.630436
    ],
    [
        51.313022,
        37.627671
    ],
    [
        51.311886,
        37.625234
    ],
    [
        51.311088,
        37.623534
    ],
    [
        51.310266,
        37.621945
    ],
    [
        51.309964,
        37.621339
    ],
    [
        51.308751,
        37.619317
    ],
    [
        51.308092,
        37.618323
    ],
    [
        51.307121,
        37.616767
    ],
    [
        51.306645,
        37.616013
    ],
    [
        51.305982,
        37.615025
    ],
    [
        51.305415,
        37.614112
    ],
    [
        51.304756,
        37.61311
    ],
    [
        51.303662,
        37.61163
    ],
    [
        51.303338,
        37.611225
    ],
    [
        51.30242,
        37.610194
    ],
    [
        51.301741,
        37.609509
    ],
    [
        51.30094,
        37.608739
    ],
    [
        51.300098,
        37.608047
    ],
    [
        51.299538,
        37.607591
    ],
    [
        51.298913,
        37.607157
    ],
    [
        51.298543,
        37.606794
    ],
    [
        51.298221,
        37.606445
    ],
    [
        51.297152,
        37.605735
    ],
    [
        51.296941,
        37.605542
    ],
    [
        51.296899,
        37.605271
    ],
    [
        51.296973,
        37.605047
    ],
    [
        51.297214,
        37.604498
    ],
    [
        51.297647,
        37.603549
    ],
    [
        51.297769,
        37.603442
    ],
    [
        51.297903,
        37.603021
    ],
    [
        51.299199,
        37.60016
    ],
    [
        51.299542,
        37.599453
    ],
    [
        51.299956,
        37.599338
    ],
    [
        51.300438,
        37.599144
    ],
    [
        51.300811,
        37.599011
    ],
    [
        51.301207,
        37.598871
    ],
    [
        51.301645,
        37.598707
    ],
    [
        51.301945,
        37.598604
    ],
    [
        51.302343,
        37.59845
    ],
    [
        51.302679,
        37.598326
    ],
    [
        51.303306,
        37.598081
    ],
    [
        51.303409,
        37.598161
    ],
    [
        51.30353,
        37.598009
    ],
    [
        51.304385,
        37.597675
    ],
    [
        51.304475,
        37.598
    ],
    [
        51.304681,
        37.599594
    ],
    [
        51.304821,
        37.600571
    ],
    [
        51.304913,
        37.601212
    ],
    [
        51.304976,
        37.601748
    ],
    [
        51.304916,
        37.60184
    ],
    [
        51.305011,
        37.601944
    ],
    [
        51.305097,
        37.602654
    ],
    [
        51.30468,
        37.602794
    ],
    [
        51.304039,
        37.603026
    ],
    [
        51.303683,
        37.60315
    ],
    [
        51.303169,
        37.603337
    ],
    [
        51.301683,
        37.603843
    ],
    [
        51.300282,
        37.604325
    ],
    [
        51.299736,
        37.600299
    ],
    [
        51.29937,
        37.599824
    ],
    [
        51.298401,
        37.601959
    ],
    [
        51.297759,
        37.603311
    ],
    [
        51.297004,
        37.604893
    ],
    [
        51.296874,
        37.605029
    ],
    [
        51.296707,
        37.605075
    ],
    [
        51.296637,
        37.605045
    ],
    [
        51.296325,
        37.604849
    ],
    [
        51.296137,
        37.604492
    ],
    [
        51.296011,
        37.604163
    ],
    [
        51.296043,
        37.604086
    ],
    [
        51.295929,
        37.603988
    ],
    [
        51.295342,
        37.602235
    ],
    [
        51.29506,
        37.6014
    ],
    [
        51.29434,
        37.599253
    ],
    [
        51.293676,
        37.597347
    ],
    [
        51.293106,
        37.59565
    ],
    [
        51.292455,
        37.59369
    ],
    [
        51.292436,
        37.593434
    ],
    [
        51.292156,
        37.592965
    ],
    [
        51.291857,
        37.592187
    ],
    [
        51.291275,
        37.590387
    ],
    [
        51.290862,
        37.588954
    ],
    [
        51.290551,
        37.588007
    ],
    [
        51.290241,
        37.587274
    ],
    [
        51.290157,
        37.587031
    ],
    [
        51.289412,
        37.585864
    ],
    [
        51.288848,
        37.585239
    ],
    [
        51.288288,
        37.584733
    ],
    [
        51.287627,
        37.584126
    ],
    [
        51.287115,
        37.583598
    ],
    [
        51.286896,
        37.583392
    ],
    [
        51.286597,
        37.582961
    ],
    [
        51.286599,
        37.582827
    ],
    [
        51.286502,
        37.582789
    ],
    [
        51.286369,
        37.582653
    ],
    [
        51.286057,
        37.582006
    ],
    [
        51.285622,
        37.581248
    ],
    [
        51.285237,
        37.580487
    ],
    [
        51.284427,
        37.578985
    ],
    [
        51.284103,
        37.578453
    ],
    [
        51.283693,
        37.57797
    ],
    [
        51.283673,
        37.57791
    ],
    [
        51.283313,
        37.577581
    ],
    [
        51.282969,
        37.577103
    ],
    [
        51.282499,
        37.57643
    ],
    [
        51.281953,
        37.575646
    ],
    [
        51.281354,
        37.574733
    ],
    [
        51.281241,
        37.574542
    ],
    [
        51.280896,
        37.574078
    ],
    [
        51.280483,
        37.573504
    ],
    [
        51.280151,
        37.573046
    ],
    [
        51.27985,
        37.572544
    ],
    [
        51.279597,
        37.572181
    ],
    [
        51.279356,
        37.571815
    ],
    [
        51.279083,
        37.571483
    ],
    [
        51.278881,
        37.571174
    ],
    [
        51.278675,
        37.570868
    ],
    [
        51.278496,
        37.570589
    ],
    [
        51.278332,
        37.570335
    ],
    [
        51.278181,
        37.570061
    ],
    [
        51.278097,
        37.569902
    ],
    [
        51.277889,
        37.569541
    ],
    [
        51.277844,
        37.569208
    ],
    [
        51.277843,
        37.568906
    ],
    [
        51.277851,
        37.568522
    ],
    [
        51.277961,
        37.568106
    ],
    [
        51.278173,
        37.567466
    ],
    [
        51.27829,
        37.567168
    ],
    [
        51.278405,
        37.566982
    ],
    [
        51.278544,
        37.566574
    ],
    [
        51.278595,
        37.566012
    ],
    [
        51.278588,
        37.565695
    ],
    [
        51.27869,
        37.565675
    ],
    [
        51.27861,
        37.565578
    ],
    [
        51.278559,
        37.565214
    ],
    [
        51.278558,
        37.564814
    ],
    [
        51.278636,
        37.564463
    ],
    [
        51.278681,
        37.564289
    ],
    [
        51.278819,
        37.563955
    ],
    [
        51.279086,
        37.563355
    ],
    [
        51.279251,
        37.562943
    ],
    [
        51.279557,
        37.562167
    ],
    [
        51.279699,
        37.561834
    ],
    [
        51.279832,
        37.561376
    ],
    [
        51.279995,
        37.560535
    ],
    [
        51.28017,
        37.559633
    ],
    [
        51.280251,
        37.55922
    ],
    [
        51.280381,
        37.558785
    ],
    [
        51.280598,
        37.558408
    ],
    [
        51.281089,
        37.557699
    ],
    [
        51.281264,
        37.557569
    ],
    [
        51.281768,
        37.557372
    ],
    [
        51.281954,
        37.557269
    ],
    [
        51.282076,
        37.557221
    ],
    [
        51.282243,
        37.557118
    ],
    [
        51.282442,
        37.556893
    ],
    [
        51.282624,
        37.55661
    ],
    [
        51.282741,
        37.556308
    ],
    [
        51.282859,
        37.555873
    ],
    [
        51.283031,
        37.554956
    ],
    [
        51.283186,
        37.554191
    ],
    [
        51.283381,
        37.553134
    ],
    [
        51.283429,
        37.552941
    ],
    [
        51.283554,
        37.552852
    ],
    [
        51.283447,
        37.552746
    ],
    [
        51.28354,
        37.552482
    ],
    [
        51.283556,
        37.552381
    ],
    [
        51.283524,
        37.552192
    ],
    [
        51.283487,
        37.552145
    ],
    [
        51.283461,
        37.55213
    ],
    [
        51.283301,
        37.552082
    ],
    [
        51.282876,
        37.551869
    ],
    [
        51.282679,
        37.551676
    ],
    [
        51.28237,
        37.551353
    ],
    [
        51.282201,
        37.55117
    ],
    [
        51.281933,
        37.550799
    ],
    [
        51.281826,
        37.550643
    ],
    [
        51.281636,
        37.550297
    ],
    [
        51.281419,
        37.549847
    ],
    [
        51.281161,
        37.549284
    ],
    [
        51.280905,
        37.548766
    ],
    [
        51.280705,
        37.54834
    ],
    [
        51.280464,
        37.547821
    ],
    [
        51.280444,
        37.547781
    ],
    [
        51.280743,
        37.547429
    ],
    [
        51.280954,
        37.547152
    ],
    [
        51.281142,
        37.546906
    ],
    [
        51.281305,
        37.546686
    ],
    [
        51.281381,
        37.546721
    ],
    [
        51.281429,
        37.54654
    ],
    [
        51.281671,
        37.546224
    ],
    [
        51.28183,
        37.546015
    ],
    [
        51.281968,
        37.545856
    ],
    [
        51.282303,
        37.545422
    ],
    [
        51.282545,
        37.545113
    ],
    [
        51.282806,
        37.544773
    ],
    [
        51.283159,
        37.544319
    ],
    [
        51.28339,
        37.544017
    ],
    [
        51.283558,
        37.543802
    ],
    [
        51.283732,
        37.543585
    ],
    [
        51.283895,
        37.543381
    ],
    [
        51.28409,
        37.543137
    ],
    [
        51.284278,
        37.54291
    ],
    [
        51.284474,
        37.542662
    ],
    [
        51.284597,
        37.542489
    ],
    [
        51.28466,
        37.542524
    ],
    [
        51.284686,
        37.542373
    ],
    [
        51.284903,
        37.542105
    ],
    [
        51.285092,
        37.541848
    ],
    [
        51.285267,
        37.541644
    ],
    [
        51.285499,
        37.541335
    ],
    [
        51.285711,
        37.541061
    ],
    [
        51.28589,
        37.540837
    ],
    [
        51.286072,
        37.540601
    ],
    [
        51.286244,
        37.540395
    ],
    [
        51.286666,
        37.539861
    ],
    [
        51.286968,
        37.53949
    ],
    [
        51.287174,
        37.539225
    ],
    [
        51.287399,
        37.538943
    ],
    [
        51.28744,
        37.538964
    ],
    [
        51.28747,
        37.538852
    ],
    [
        51.287928,
        37.53828
    ],
    [
        51.288471,
        37.537579
    ],
    [
        51.289225,
        37.536621
    ],
    [
        51.288504,
        37.535109
    ],
    [
        51.288036,
        37.534195
    ],
    [
        51.287797,
        37.533658
    ],
    [
        51.287458,
        37.533032
    ],
    [
        51.287218,
        37.532553
    ],
    [
        51.286954,
        37.532011
    ],
    [
        51.286694,
        37.531469
    ],
    [
        51.286413,
        37.530934
    ],
    [
        51.28619,
        37.530463
    ],
    [
        51.286078,
        37.530223
    ],
    [
        51.286099,
        37.530104
    ],
    [
        51.285963,
        37.530012
    ],
    [
        51.285462,
        37.528996
    ],
    [
        51.285125,
        37.528315
    ],
    [
        51.28465,
        37.527408
    ],
    [
        51.284201,
        37.526526
    ],
    [
        51.283748,
        37.525671
    ],
    [
        51.283544,
        37.52536
    ],
    [
        51.283305,
        37.525
    ],
    [
        51.282897,
        37.524459
    ],
    [
        51.282701,
        37.524153
    ],
    [
        51.282718,
        37.524014
    ],
    [
        51.282605,
        37.524049
    ],
    [
        51.28239,
        37.523763
    ],
    [
        51.282166,
        37.523351
    ],
    [
        51.281909,
        37.522826
    ],
    [
        51.281648,
        37.522326
    ],
    [
        51.281326,
        37.521684
    ],
    [
        51.281013,
        37.52108
    ],
    [
        51.280608,
        37.520239
    ],
    [
        51.280232,
        37.519515
    ],
    [
        51.279853,
        37.518747
    ],
    [
        51.27957,
        37.518202
    ],
    [
        51.279291,
        37.517623
    ],
    [
        51.279088,
        37.516922
    ],
    [
        51.278945,
        37.516228
    ],
    [
        51.278914,
        37.515539
    ],
    [
        51.278903,
        37.514842
    ],
    [
        51.278977,
        37.514881
    ],
    [
        51.278904,
        37.514463
    ],
    [
        51.278876,
        37.513688
    ],
    [
        51.278866,
        37.512156
    ],
    [
        51.27884,
        37.510264
    ],
    [
        51.277783,
        37.510304
    ],
    [
        51.27719,
        37.510318
    ],
    [
        51.277118,
        37.510183
    ],
    [
        51.277046,
        37.510337
    ],
    [
        51.276101,
        37.510357
    ],
    [
        51.275555,
        37.510381
    ],
    [
        51.275091,
        37.510397
    ],
    [
        51.274535,
        37.510413
    ],
    [
        51.273722,
        37.510451
    ],
    [
        51.272858,
        37.510478
    ],
    [
        51.272647,
        37.51041
    ],
    [
        51.272514,
        37.510333
    ],
    [
        51.272408,
        37.510366
    ],
    [
        51.272357,
        37.5105
    ],
    [
        51.27236,
        37.510682
    ],
    [
        51.2724,
        37.510757
    ],
    [
        51.272456,
        37.510826
    ],
    [
        51.272523,
        37.510953
    ],
    [
        51.272557,
        37.511144
    ],
    [
        51.272562,
        37.511438
    ],
    [
        51.272507,
        37.511907
    ],
    [
        51.272596,
        37.5121
    ],
    [
        51.272739,
        37.512786
    ],
    [
        51.272859,
        37.513203
    ],
    [
        51.273051,
        37.513587
    ],
    [
        51.273291,
        37.513971
    ],
    [
        51.273565,
        37.514323
    ],
    [
        51.27402,
        37.514817
    ],
    [
        51.274519,
        37.515311
    ],
    [
        51.274996,
        37.515803
    ],
    [
        51.27517,
        37.516013
    ],
    [
        51.27532,
        37.516505
    ],
    [
        51.275464,
        37.516733
    ],
    [
        51.275805,
        37.517106
    ],
    [
        51.27618,
        37.517459
    ],
    [
        51.27665,
        37.517919
    ],
    [
        51.276841,
        37.518138
    ],
    [
        51.276909,
        37.518249
    ],
    [
        51.277091,
        37.518298
    ],
    [
        51.277298,
        37.51822
    ],
    [
        51.277433,
        37.518145
    ],
    [
        51.277645,
        37.517937
    ],
    [
        51.277925,
        37.517618
    ],
    [
        51.278078,
        37.517454
    ],
    [
        51.278179,
        37.517515
    ],
    [
        51.278195,
        37.517338
    ],
    [
        51.278354,
        37.517147
    ],
    [
        51.278629,
        37.516872
    ],
    [
        51.278822,
        37.516949
    ],
    [
        51.279071,
        37.517342
    ],
    [
        51.279438,
        37.517951
    ],
    [
        51.278992,
        37.519047
    ],
    [
        51.278122,
        37.521151
    ],
    [
        51.277491,
        37.522685
    ],
    [
        51.2769,
        37.524083
    ],
    [
        51.276537,
        37.524938
    ],
    [
        51.276119,
        37.526081
    ],
    [
        51.27551,
        37.527569
    ],
    [
        51.274847,
        37.529126
    ],
    [
        51.274327,
        37.530282
    ],
    [
        51.274212,
        37.530152
    ],
    [
        51.273675,
        37.529041
    ],
    [
        51.273163,
        37.527992
    ],
    [
        51.272978,
        37.527603
    ],
    [
        51.273112,
        37.527329
    ],
    [
        51.273191,
        37.527342
    ],
    [
        51.273201,
        37.527078
    ],
    [
        51.273667,
        37.526054
    ],
    [
        51.274081,
        37.524999
    ],
    [
        51.2746,
        37.523727
    ],
    [
        51.275179,
        37.522276
    ],
    [
        51.275259,
        37.522245
    ]
]