[
    [
        51.275032,
        37.522618
    ],
    [
        51.274376,
        37.524272
    ],
    [
        51.273844,
        37.525582
    ],
    [
        51.273128,
        37.527256
    ],
    [
        51.272975,
        37.52761
    ],
    [
        51.273582,
        37.528861
    ],
    [
        51.274173,
        37.530077
    ],
    [
        51.274321,
        37.530312
    ],
    [
        51.274859,
        37.529134
    ],
    [
        51.275547,
        37.527468
    ],
    [
        51.276399,
        37.52535
    ],
    [
        51.276576,
        37.524836
    ],
    [
        51.277333,
        37.523083
    ],
    [
        51.277998,
        37.521462
    ],
    [
        51.278484,
        37.520287
    ],
    [
        51.279184,
        37.518575
    ],
    [
        51.279444,
        37.517924
    ],
    [
        51.27929,
        37.517612
    ],
    [
        51.279046,
        37.516762
    ],
    [
        51.278902,
        37.516633
    ],
    [
        51.278751,
        37.516696
    ],
    [
        51.278323,
        37.517165
    ],
    [
        51.277854,
        37.517673
    ],
    [
        51.277829,
        37.517595
    ],
    [
        51.277756,
        37.517772
    ],
    [
        51.277511,
        37.518039
    ],
    [
        51.277267,
        37.518211
    ],
    [
        51.277064,
        37.518271
    ],
    [
        51.276935,
        37.518238
    ],
    [
        51.276788,
        37.518054
    ],
    [
        51.276525,
        37.517754
    ],
    [
        51.275535,
        37.516832
    ],
    [
        51.275417,
        37.516625
    ],
    [
        51.275362,
        37.516463
    ],
    [
        51.275401,
        37.516222
    ],
    [
        51.275404,
        37.516042
    ],
    [
        51.275341,
        37.515937
    ],
    [
        51.275232,
        37.515958
    ],
    [
        51.275046,
        37.515809
    ],
    [
        51.274667,
        37.51543
    ],
    [
        51.274268,
        37.515012
    ],
    [
        51.273739,
        37.514487
    ],
    [
        51.273262,
        37.513906
    ],
    [
        51.273067,
        37.5136
    ],
    [
        51.272862,
        37.51319
    ],
    [
        51.272662,
        37.512429
    ],
    [
        51.272607,
        37.512093
    ],
    [
        51.272584,
        37.511665
    ],
    [
        51.272585,
        37.511536
    ],
    [
        51.272634,
        37.511491
    ],
    [
        51.272571,
        37.511339
    ],
    [
        51.272565,
        37.510997
    ],
    [
        51.272651,
        37.510691
    ],
    [
        51.272765,
        37.510494
    ],
    [
        51.272997,
        37.510485
    ],
    [
        51.27367,
        37.510471
    ],
    [
        51.274306,
        37.510443
    ],
    [
        51.274914,
        37.51043
    ],
    [
        51.275333,
        37.510415
    ],
    [
        51.27585,
        37.510413
    ],
    [
        51.276289,
        37.510383
    ],
    [
        51.276689,
        37.510362
    ],
    [
        51.277028,
        37.510363
    ],
    [
        51.27734,
        37.510344
    ],
    [
        51.277518,
        37.510341
    ],
    [
        51.277551,
        37.510418
    ],
    [
        51.27769,
        37.510329
    ],
    [
        51.278171,
        37.510307
    ],
    [
        51.27857,
        37.510299
    ],
    [
        51.278828,
        37.510284
    ],
    [
        51.278842,
        37.511376
    ],
    [
        51.27886,
        37.512579
    ],
    [
        51.278877,
        37.513791
    ],
    [
        51.278892,
        37.514567
    ],
    [
        51.278897,
        37.515278
    ],
    [
        51.278916,
        37.516127
    ],
    [
        51.278903,
        37.516325
    ],
    [
        51.278856,
        37.516548
    ],
    [
        51.278844,
        37.516741
    ],
    [
        51.278916,
        37.517059
    ],
    [
        51.279089,
        37.517387
    ],
    [
        51.279378,
        37.517845
    ],
    [
        51.279651,
        37.518376
    ],
    [
        51.279952,
        37.518971
    ],
    [
        51.280265,
        37.519631
    ],
    [
        51.280529,
        37.52014
    ],
    [
        51.280722,
        37.520538
    ],
    [
        51.280919,
        37.52092
    ],
    [
        51.281393,
        37.521883
    ],
    [
        51.281698,
        37.522489
    ],
    [
        51.282007,
        37.523089
    ],
    [
        51.282179,
        37.523439
    ],
    [
        51.282369,
        37.523778
    ],
    [
        51.282664,
        37.524165
    ],
    [
        51.282948,
        37.524558
    ],
    [
        51.283141,
        37.524818
    ],
    [
        51.283317,
        37.525075
    ],
    [
        51.283285,
        37.525279
    ],
    [
        51.283422,
        37.525214
    ],
    [
        51.283667,
        37.525556
    ],
    [
        51.284159,
        37.526488
    ],
    [
        51.284557,
        37.527286
    ],
    [
        51.2849,
        37.52798
    ],
    [
        51.285431,
        37.529009
    ],
    [
        51.285859,
        37.529863
    ],
    [
        51.286209,
        37.530581
    ],
    [
        51.286546,
        37.531251
    ],
    [
        51.286926,
        37.532026
    ],
    [
        51.287251,
        37.53267
    ],
    [
        51.287687,
        37.533552
    ],
    [
        51.288123,
        37.534407
    ],
    [
        51.288596,
        37.535365
    ],
    [
        51.289142,
        37.53647
    ],
    [
        51.289225,
        37.536614
    ],
    [
        51.288731,
        37.537219
    ],
    [
        51.288336,
        37.537715
    ],
    [
        51.287918,
        37.538253
    ],
    [
        51.287591,
        37.538652
    ],
    [
        51.287249,
        37.539091
    ],
    [
        51.287067,
        37.539311
    ],
    [
        51.286963,
        37.539283
    ],
    [
        51.286963,
        37.539445
    ],
    [
        51.286662,
        37.539828
    ],
    [
        51.28637,
        37.5402
    ],
    [
        51.286171,
        37.540444
    ],
    [
        51.285937,
        37.540745
    ],
    [
        51.285755,
        37.540973
    ],
    [
        51.285512,
        37.541289
    ],
    [
        51.285372,
        37.541463
    ],
    [
        51.285156,
        37.541734
    ],
    [
        51.285003,
        37.541928
    ],
    [
        51.284782,
        37.542256
    ],
    [
        51.284458,
        37.542624
    ],
    [
        51.284204,
        37.542944
    ],
    [
        51.284051,
        37.543141
    ],
    [
        51.283982,
        37.54306
    ],
    [
        51.283957,
        37.54327
    ],
    [
        51.283718,
        37.543571
    ],
    [
        51.283495,
        37.543845
    ],
    [
        51.283359,
        37.544028
    ],
    [
        51.282988,
        37.544496
    ],
    [
        51.282585,
        37.545014
    ],
    [
        51.282242,
        37.545447
    ],
    [
        51.281928,
        37.545848
    ],
    [
        51.281714,
        37.546126
    ],
    [
        51.281406,
        37.54652
    ],
    [
        51.281097,
        37.54691
    ],
    [
        51.280904,
        37.547162
    ],
    [
        51.280775,
        37.547332
    ],
    [
        51.280712,
        37.547287
    ],
    [
        51.28071,
        37.547405
    ],
    [
        51.280535,
        37.547631
    ],
    [
        51.280428,
        37.547807
    ],
    [
        51.280665,
        37.54832
    ],
    [
        51.280949,
        37.548947
    ],
    [
        51.280973,
        37.549192
    ],
    [
        51.281114,
        37.549233
    ],
    [
        51.281458,
        37.549981
    ],
    [
        51.281727,
        37.550535
    ],
    [
        51.281991,
        37.550932
    ],
    [
        51.282328,
        37.551362
    ],
    [
        51.282648,
        37.551709
    ],
    [
        51.283129,
        37.552253
    ],
    [
        51.283321,
        37.552511
    ],
    [
        51.283348,
        37.5528
    ],
    [
        51.283367,
        37.553234
    ],
    [
        51.283269,
        37.55364
    ],
    [
        51.283162,
        37.553803
    ],
    [
        51.283201,
        37.553997
    ],
    [
        51.283091,
        37.554581
    ],
    [
        51.282913,
        37.555534
    ],
    [
        51.282772,
        37.556189
    ],
    [
        51.282533,
        37.55676
    ],
    [
        51.282295,
        37.557062
    ],
    [
        51.282089,
        37.557219
    ],
    [
        51.281834,
        37.557308
    ],
    [
        51.28148,
        37.557458
    ],
    [
        51.281229,
        37.557576
    ],
    [
        51.281047,
        37.557736
    ],
    [
        51.28074,
        37.558145
    ],
    [
        51.280532,
        37.558484
    ],
    [
        51.280338,
        37.558895
    ],
    [
        51.280157,
        37.559581
    ],
    [
        51.27998,
        37.560553
    ],
    [
        51.279873,
        37.561125
    ],
    [
        51.279728,
        37.561748
    ],
    [
        51.279542,
        37.562227
    ],
    [
        51.279275,
        37.562867
    ],
    [
        51.27857,
        37.564509
    ],
    [
        51.278269,
        37.565218
    ],
    [
        51.278201,
        37.565315
    ],
    [
        51.27818,
        37.56557
    ],
    [
        51.278242,
        37.565767
    ],
    [
        51.278273,
        37.565935
    ],
    [
        51.278335,
        37.565859
    ],
    [
        51.278423,
        37.565844
    ],
    [
        51.27856,
        37.565717
    ],
    [
        51.27862,
        37.565588
    ],
    [
        51.278589,
        37.56532
    ],
    [
        51.278492,
        37.565149
    ],
    [
        51.278364,
        37.565159
    ],
    [
        51.278308,
        37.56517
    ],
    [
        51.278175,
        37.565327
    ],
    [
        51.278039,
        37.565546
    ],
    [
        51.277877,
        37.565754
    ],
    [
        51.277575,
        37.566143
    ],
    [
        51.277444,
        37.566407
    ],
    [
        51.277342,
        37.566728
    ],
    [
        51.277284,
        37.567218
    ],
    [
        51.277324,
        37.567677
    ],
    [
        51.277461,
        37.568216
    ],
    [
        51.277795,
        37.56939
    ],
    [
        51.278108,
        37.569943
    ],
    [
        51.278302,
        37.57033
    ],
    [
        51.278702,
        37.570919
    ],
    [
        51.279183,
        37.571629
    ],
    [
        51.279515,
        37.572099
    ],
    [
        51.279757,
        37.572442
    ],
    [
        51.279787,
        37.572556
    ],
    [
        51.279868,
        37.572579
    ],
    [
        51.28026,
        37.57318
    ],
    [
        51.280761,
        37.573934
    ],
    [
        51.281161,
        37.574464
    ],
    [
        51.281401,
        37.574843
    ],
    [
        51.281425,
        37.574976
    ],
    [
        51.281524,
        37.575001
    ],
    [
        51.281909,
        37.575584
    ],
    [
        51.282288,
        37.576153
    ],
    [
        51.28272,
        37.576797
    ],
    [
        51.283189,
        37.577465
    ],
    [
        51.283234,
        37.577565
    ],
    [
        51.283301,
        37.577571
    ],
    [
        51.283536,
        37.577844
    ],
    [
        51.283715,
        37.578006
    ],
    [
        51.283888,
        37.578182
    ],
    [
        51.284093,
        37.578422
    ],
    [
        51.284412,
        37.578952
    ],
    [
        51.284801,
        37.579699
    ],
    [
        51.28516,
        37.580385
    ],
    [
        51.285427,
        37.580882
    ],
    [
        51.285757,
        37.581489
    ],
    [
        51.286102,
        37.582146
    ],
    [
        51.286182,
        37.582319
    ],
    [
        51.286182,
        37.582361
    ],
    [
        51.28623,
        37.582404
    ],
    [
        51.28643,
        37.582757
    ],
    [
        51.286664,
        37.583089
    ],
    [
        51.286974,
        37.58351
    ],
    [
        51.287499,
        37.584015
    ],
    [
        51.288013,
        37.584504
    ],
    [
        51.288379,
        37.584836
    ],
    [
        51.28883,
        37.585248
    ],
    [
        51.289313,
        37.585747
    ],
    [
        51.28961,
        37.586175
    ],
    [
        51.29001,
        37.586823
    ],
    [
        51.29036,
        37.587499
    ],
    [
        51.290652,
        37.588284
    ],
    [
        51.290859,
        37.588998
    ],
    [
        51.291075,
        37.589696
    ],
    [
        51.291333,
        37.590556
    ],
    [
        51.291941,
        37.592415
    ],
    [
        51.29213,
        37.592937
    ],
    [
        51.29213,
        37.593074
    ],
    [
        51.292233,
        37.593168
    ],
    [
        51.292488,
        37.593818
    ],
    [
        51.292795,
        37.594757
    ],
    [
        51.293063,
        37.595525
    ],
    [
        51.293355,
        37.596398
    ],
    [
        51.293613,
        37.597161
    ],
    [
        51.293901,
        37.598002
    ],
    [
        51.294265,
        37.599059
    ],
    [
        51.294542,
        37.599889
    ],
    [
        51.294743,
        37.600453
    ],
    [
        51.294975,
        37.601173
    ],
    [
        51.295168,
        37.601748
    ],
    [
        51.295474,
        37.602641
    ],
    [
        51.295688,
        37.603259
    ],
    [
        51.295855,
        37.603785
    ],
    [
        51.295845,
        37.603896
    ],
    [
        51.295914,
        37.603978
    ],
    [
        51.295995,
        37.604233
    ],
    [
        51.296051,
        37.604853
    ],
    [
        51.295956,
        37.605021
    ],
    [
        51.295927,
        37.605276
    ],
    [
        51.296043,
        37.605525
    ],
    [
        51.296201,
        37.60572
    ],
    [
        51.296541,
        37.605877
    ],
    [
        51.29678,
        37.605715
    ],
    [
        51.296788,
        37.605379
    ],
    [
        51.296842,
        37.605274
    ],
    [
        51.296998,
        37.60506
    ],
    [
        51.297137,
        37.604661
    ],
    [
        51.297531,
        37.603814
    ],
    [
        51.297721,
        37.603405
    ],
    [
        51.297794,
        37.603474
    ],
    [
        51.297833,
        37.60316
    ],
    [
        51.298141,
        37.60253
    ],
    [
        51.298405,
        37.601942
    ],
    [
        51.29892,
        37.600763
    ],
    [
        51.299535,
        37.599488
    ],
    [
        51.300096,
        37.599291
    ],
    [
        51.300134,
        37.599351
    ],
    [
        51.300217,
        37.59924
    ],
    [
        51.300678,
        37.599066
    ],
    [
        51.301134,
        37.598904
    ],
    [
        51.301542,
        37.598741
    ],
    [
        51.301999,
        37.598576
    ],
    [
        51.302494,
        37.598403
    ],
    [
        51.303052,
        37.598195
    ],
    [
        51.303374,
        37.598074
    ],
    [
        51.303408,
        37.598187
    ],
    [
        51.303448,
        37.598044
    ],
    [
        51.304014,
        37.597833
    ],
    [
        51.304385,
        37.597711
    ],
    [
        51.304474,
        37.598015
    ],
    [
        51.304613,
        37.599146
    ],
    [
        51.304681,
        37.599666
    ],
    [
        51.304791,
        37.600422
    ],
    [
        51.304881,
        37.601075
    ],
    [
        51.304921,
        37.601427
    ],
    [
        51.304979,
        37.601861
    ],
    [
        51.304917,
        37.601862
    ],
    [
        51.304985,
        37.60194
    ],
    [
        51.305084,
        37.602654
    ],
    [
        51.305233,
        37.603722
    ],
    [
        51.305349,
        37.604707
    ],
    [
        51.305469,
        37.605611
    ],
    [
        51.305614,
        37.606683
    ],
    [
        51.305752,
        37.607739
    ],
    [
        51.305701,
        37.607767
    ],
    [
        51.305774,
        37.607933
    ],
    [
        51.305792,
        37.608166
    ],
    [
        51.305767,
        37.608496
    ],
    [
        51.305742,
        37.608783
    ],
    [
        51.305679,
        37.609179
    ],
    [
        51.305466,
        37.609886
    ],
    [
        51.305356,
        37.610107
    ],
    [
        51.304773,
        37.610651
    ],
    [
        51.303748,
        37.61125
    ],
    [
        51.303506,
        37.611648
    ],
    [
        51.303925,
        37.612213
    ],
    [
        51.304298,
        37.612699
    ],
    [
        51.3046,
        37.613145
    ],
    [
        51.305031,
        37.613742
    ],
    [
        51.305385,
        37.614374
    ],
    [
        51.305809,
        37.615023
    ],
    [
        51.30637,
        37.615898
    ],
    [
        51.308023,
        37.618441
    ],
    [
        51.309702,
        37.621231
    ],
    [
        51.311279,
        37.624247
    ],
    [
        51.31273,
        37.6273
    ],
    [
        51.313789,
        37.629943
    ],
    [
        51.31417,
        37.6312
    ],
    [
        51.314467,
        37.631986
    ],
    [
        51.314863,
        37.633253
    ],
    [
        51.315168,
        37.634458
    ],
    [
        51.315507,
        37.635869
    ],
    [
        51.315927,
        37.637375
    ],
    [
        51.316356,
        37.639329
    ],
    [
        51.316901,
        37.641767
    ],
    [
        51.317222,
        37.64342
    ],
    [
        51.317465,
        37.644979
    ],
    [
        51.317738,
        37.64669
    ],
    [
        51.317966,
        37.648176
    ],
    [
        51.318463,
        37.652116
    ],
    [
        51.318664,
        37.654383
    ],
    [
        51.318973,
        37.660175
    ],
    [
        51.319118,
        37.662726
    ],
    [
        51.319341,
        37.665462
    ],
    [
        51.319434,
        37.666915
    ],
    [
        51.319576,
        37.668457
    ],
    [
        51.319621,
        37.669087
    ],
    [
        51.31972,
        37.670517
    ],
    [
        51.319817,
        37.671187
    ],
    [
        51.319935,
        37.672434
    ],
    [
        51.320103,
        37.674424
    ],
    [
        51.320228,
        37.675957
    ],
    [
        51.320311,
        37.6769
    ],
    [
        51.320335,
        37.677416
    ],
    [
        51.320421,
        37.678198
    ],
    [
        51.320498,
        37.678812
    ],
    [
        51.32058,
        37.679976
    ],
    [
        51.320718,
        37.68134
    ],
    [
        51.320851,
        37.682942
    ],
    [
        51.320944,
        37.684141
    ],
    [
        51.321038,
        37.684993
    ],
    [
        51.321144,
        37.686168
    ],
    [
        51.32128,
        37.687685
    ],
    [
        51.32139,
        37.688863
    ],
    [
        51.322382,
        37.700062
    ],
    [
        51.322675,
        37.70336
    ],
    [
        51.32302,
        37.706791
    ],
    [
        51.323449,
        37.711005
    ],
    [
        51.324106,
        37.717957
    ],
    [
        51.324531,
        37.722959
    ],
    [
        51.324914,
        37.727351
    ],
    [
        51.325225,
        37.730541
    ],
    [
        51.325405,
        37.732856
    ],
    [
        51.325647,
        37.735465
    ],
    [
        51.325735,
        37.736305
    ],
    [
        51.325709,
        37.736878
    ],
    [
        51.325647,
        37.737362
    ],
    [
        51.325528,
        37.737755
    ],
    [
        51.324964,
        37.739112
    ],
    [
        51.32444,
        37.740262
    ],
    [
        51.324184,
        37.740733
    ],
    [
        51.323786,
        37.741179
    ],
    [
        51.322064,
        37.742189
    ],
    [
        51.320444,
        37.743327
    ],
    [
        51.318388,
        37.745053
    ],
    [
        51.316836,
        37.746613
    ],
    [
        51.315809,
        37.747848
    ],
    [
        51.314475,
        37.749569
    ],
    [
        51.314072,
        37.750001
    ],
    [
        51.312571,
        37.752171
    ],
    [
        51.311223,
        37.754192
    ],
    [
        51.309302,
        37.756961
    ],
    [
        51.307921,
        37.758993
    ],
    [
        51.306702,
        37.760786
    ],
    [
        51.304931,
        37.763354
    ],
    [
        51.303516,
        37.765373
    ],
    [
        51.302291,
        37.766953
    ],
    [
        51.301823,
        37.76732
    ],
    [
        51.301455,
        37.767643
    ],
    [
        51.301202,
        37.767706
    ],
    [
        51.301132,
        37.76804
    ],
    [
        51.300993,
        37.768152
    ],
    [
        51.300901,
        37.768491
    ],
    [
        51.300339,
        37.769307
    ],
    [
        51.299817,
        37.769973
    ],
    [
        51.298644,
        37.771428
    ],
    [
        51.297178,
        37.773424
    ],
    [
        51.29601,
        37.775032
    ],
    [
        51.294972,
        37.776533
    ],
    [
        51.293676,
        37.778433
    ],
    [
        51.292661,
        37.779944
    ],
    [
        51.29178,
        37.781237
    ],
    [
        51.289521,
        37.784535
    ],
    [
        51.288195,
        37.786512
    ],
    [
        51.287622,
        37.787189
    ],
    [
        51.286886,
        37.787703
    ],
    [
        51.286502,
        37.787884
    ],
    [
        51.285809,
        37.788055
    ],
    [
        51.28529,
        37.787963
    ],
    [
        51.284901,
        37.787833
    ],
    [
        51.284735,
        37.787646
    ],
    [
        51.284543,
        37.78759
    ],
    [
        51.284339,
        37.787715
    ],
    [
        51.284236,
        37.787729
    ],
    [
        51.28408,
        37.787839
    ],
    [
        51.283077,
        37.787976
    ],
    [
        51.282699,
        37.788217
    ],
    [
        51.281504,
        37.78934
    ],
    [
        51.280091,
        37.790734
    ],
    [
        51.279954,
        37.790835
    ],
    [
        51.278793,
        37.79205
    ],
    [
        51.277902,
        37.792865
    ],
    [
        51.276873,
        37.793908
    ],
    [
        51.275843,
        37.794893
    ],
    [
        51.274822,
        37.795914
    ],
    [
        51.273971,
        37.796757
    ],
    [
        51.273344,
        37.797467
    ],
    [
        51.273014,
        37.798032
    ],
    [
        51.272847,
        37.798409
    ],
    [
        51.272543,
        37.799281
    ],
    [
        51.272423,
        37.800068
    ],
    [
        51.272317,
        37.801194
    ],
    [
        51.272066,
        37.803576
    ],
    [
        51.271887,
        37.805091
    ],
    [
        51.271867,
        37.805401
    ],
    [
        51.27175,
        37.805583
    ],
    [
        51.271505,
        37.805637
    ],
    [
        51.271384,
        37.805552
    ],
    [
        51.270511,
        37.803873
    ],
    [
        51.268571,
        37.800343
    ],
    [
        51.266225,
        37.796018
    ],
    [
        51.265841,
        37.795569
    ],
    [
        51.265121,
        37.794755
    ],
    [
        51.264247,
        37.793748
    ],
    [
        51.263284,
        37.792679
    ],
    [
        51.262377,
        37.791709
    ],
    [
        51.261019,
        37.790147
    ],
    [
        51.260433,
        37.789478
    ],
    [
        51.25937,
        37.788316
    ],
    [
        51.258681,
        37.78755
    ],
    [
        51.258013,
        37.786515
    ],
    [
        51.257179,
        37.784834
    ],
    [
        51.256378,
        37.783427
    ],
    [
        51.255063,
        37.780869
    ],
    [
        51.253259,
        37.777299
    ],
    [
        51.252854,
        37.776479
    ],
    [
        51.252485,
        37.776659
    ],
    [
        51.251881,
        37.777422
    ],
    [
        51.251568,
        37.777815
    ],
    [
        51.251193,
        37.778304
    ],
    [
        51.250842,
        37.778745
    ],
    [
        51.250318,
        37.779423
    ],
    [
        51.250115,
        37.779552
    ],
    [
        51.24981,
        37.779814
    ],
    [
        51.249622,
        37.779965
    ],
    [
        51.249516,
        37.780008
    ],
    [
        51.249298,
        37.780074
    ],
    [
        51.249023,
        37.780046
    ],
    [
        51.24889,
        37.780047
    ],
    [
        51.248636,
        37.779938
    ],
    [
        51.24834,
        37.779808
    ],
    [
        51.248093,
        37.779702
    ],
    [
        51.247851,
        37.779594
    ],
    [
        51.247527,
        37.77945
    ],
    [
        51.247174,
        37.779293
    ],
    [
        51.24691,
        37.779182
    ],
    [
        51.246555,
        37.779013
    ],
    [
        51.246332,
        37.778983
    ],
    [
        51.246187,
        37.779012
    ],
    [
        51.246,
        37.77908
    ],
    [
        51.245672,
        37.779354
    ],
    [
        51.245257,
        37.779732
    ],
    [
        51.244902,
        37.780057
    ],
    [
        51.244779,
        37.780168
    ],
    [
        51.244601,
        37.78041
    ],
    [
        51.244425,
        37.780745
    ],
    [
        51.244345,
        37.781006
    ],
    [
        51.244256,
        37.78133
    ],
    [
        51.244168,
        37.781782
    ],
    [
        51.244085,
        37.782226
    ],
    [
        51.244001,
        37.782663
    ],
    [
        51.243899,
        37.78318
    ],
    [
        51.243818,
        37.783663
    ],
    [
        51.243763,
        37.783937
    ],
    [
        51.243314,
        37.784104
    ],
    [
        51.243163,
        37.784815
    ]
]