[
    [
        51.257903,
        37.752516
    ],
    [
        51.25789,
        37.752933
    ],
    [
        51.256663,
        37.753726
    ],
    [
        51.254934,
        37.754777
    ],
    [
        51.253744,
        37.755511
    ],
    [
        51.252922,
        37.755649
    ],
    [
        51.252175,
        37.755601
    ],
    [
        51.251249,
        37.755301
    ],
    [
        51.250148,
        37.754756
    ],
    [
        51.249274,
        37.754279
    ],
    [
        51.248218,
        37.753751
    ],
    [
        51.247907,
        37.753533
    ],
    [
        51.247033,
        37.752737
    ],
    [
        51.246752,
        37.752451
    ],
    [
        51.246519,
        37.752784
    ],
    [
        51.246139,
        37.753611
    ],
    [
        51.245684,
        37.754575
    ],
    [
        51.245269,
        37.755433
    ],
    [
        51.244869,
        37.756244
    ],
    [
        51.244395,
        37.756584
    ],
    [
        51.243904,
        37.756842
    ],
    [
        51.243242,
        37.757277
    ],
    [
        51.243054,
        37.757435
    ],
    [
        51.24293,
        37.757734
    ],
    [
        51.242897,
        37.758066
    ],
    [
        51.242954,
        37.758417
    ],
    [
        51.243225,
        37.759504
    ],
    [
        51.243554,
        37.760814
    ],
    [
        51.243723,
        37.761475
    ],
    [
        51.243829,
        37.763189
    ],
    [
        51.243871,
        37.763949
    ],
    [
        51.243723,
        37.761495
    ],
    [
        51.243494,
        37.760554
    ],
    [
        51.243205,
        37.759438
    ],
    [
        51.242966,
        37.758428
    ],
    [
        51.242899,
        37.758079
    ],
    [
        51.242932,
        37.757745
    ],
    [
        51.243058,
        37.757427
    ],
    [
        51.243258,
        37.757256
    ],
    [
        51.243918,
        37.756818
    ],
    [
        51.244382,
        37.75661
    ],
    [
        51.24459,
        37.756697
    ],
    [
        51.244809,
        37.757056
    ],
    [
        51.245868,
        37.761965
    ],
    [
        51.246682,
        37.765155
    ],
    [
        51.247016,
        37.765837
    ],
    [
        51.247616,
        37.766514
    ],
    [
        51.248488,
        37.76804
    ],
    [
        51.248803,
        37.768157
    ],
    [
        51.250916,
        37.767528
    ],
    [
        51.252108,
        37.768654
    ],
    [
        51.25265,
        37.768813
    ],
    [
        51.253273,
        37.768763
    ],
    [
        51.253438,
        37.769134
    ],
    [
        51.253476,
        37.770979
    ],
    [
        51.252858,
        37.776475
    ],
    [
        51.253111,
        37.77707
    ],
    [
        51.254106,
        37.778999
    ],
    [
        51.255304,
        37.781332
    ],
    [
        51.256526,
        37.783698
    ],
    [
        51.257863,
        37.786219
    ],
    [
        51.258695,
        37.787548
    ],
    [
        51.259504,
        37.788456
    ],
    [
        51.261055,
        37.790188
    ],
    [
        51.262388,
        37.79169
    ],
    [
        51.264137,
        37.79364
    ],
    [
        51.265394,
        37.795063
    ],
    [
        51.266303,
        37.796151
    ],
    [
        51.267463,
        37.798297
    ],
    [
        51.268686,
        37.800546
    ],
    [
        51.269395,
        37.80185
    ],
    [
        51.270251,
        37.803427
    ],
    [
        51.270893,
        37.80459
    ],
    [
        51.271418,
        37.805595
    ],
    [
        51.271557,
        37.806194
    ],
    [
        51.271531,
        37.80637
    ],
    [
        51.271587,
        37.806609
    ],
    [
        51.271655,
        37.806732
    ],
    [
        51.271766,
        37.806799
    ],
    [
        51.271899,
        37.80678
    ],
    [
        51.272032,
        37.80665
    ],
    [
        51.272076,
        37.80637
    ],
    [
        51.272032,
        37.806136
    ],
    [
        51.271989,
        37.805925
    ],
    [
        51.272018,
        37.80492
    ],
    [
        51.272231,
        37.802927
    ],
    [
        51.272446,
        37.800775
    ],
    [
        51.272539,
        37.799812
    ],
    [
        51.272783,
        37.798831
    ],
    [
        51.273025,
        37.798222
    ],
    [
        51.27337,
        37.79762
    ],
    [
        51.274502,
        37.796409
    ],
    [
        51.275655,
        37.79529
    ],
    [
        51.276744,
        37.794203
    ],
    [
        51.277932,
        37.793039
    ],
    [
        51.279197,
        37.791817
    ],
    [
        51.280392,
        37.79063
    ],
    [
        51.281644,
        37.789371
    ],
    [
        51.282792,
        37.788234
    ],
    [
        51.282984,
        37.788077
    ],
    [
        51.283627,
        37.787986
    ],
    [
        51.28397,
        37.788044
    ],
    [
        51.284301,
        37.788188
    ],
    [
        51.28447,
        37.788415
    ],
    [
        51.284601,
        37.788451
    ],
    [
        51.284791,
        37.788263
    ],
    [
        51.284865,
        37.788211
    ],
    [
        51.285334,
        37.788167
    ],
    [
        51.285734,
        37.788173
    ],
    [
        51.286419,
        37.788069
    ],
    [
        51.286872,
        37.787902
    ],
    [
        51.287304,
        37.787589
    ],
    [
        51.287671,
        37.787302
    ],
    [
        51.288122,
        37.786724
    ],
    [
        51.288596,
        37.786089
    ],
    [
        51.289185,
        37.78521
    ],
    [
        51.289991,
        37.784028
    ],
    [
        51.29087,
        37.782748
    ],
    [
        51.291724,
        37.781502
    ],
    [
        51.292513,
        37.780349
    ],
    [
        51.293427,
        37.778998
    ],
    [
        51.294221,
        37.777795
    ],
    [
        51.295377,
        37.776138
    ],
    [
        51.296496,
        37.774531
    ],
    [
        51.297561,
        37.77306
    ],
    [
        51.298875,
        37.771298
    ],
    [
        51.299889,
        37.770052
    ],
    [
        51.300494,
        37.769297
    ],
    [
        51.301185,
        37.768741
    ],
    [
        51.3016,
        37.768467
    ],
    [
        51.301716,
        37.768146
    ],
    [
        51.302085,
        37.767427
    ],
    [
        51.302724,
        37.766595
    ],
    [
        51.303514,
        37.765539
    ],
    [
        51.304398,
        37.764314
    ],
    [
        51.305149,
        37.763225
    ],
    [
        51.306147,
        37.761795
    ],
    [
        51.307329,
        37.760091
    ],
    [
        51.307998,
        37.759058
    ],
    [
        51.30898,
        37.757703
    ],
    [
        51.309906,
        37.756323
    ],
    [
        51.310622,
        37.755263
    ],
    [
        51.311191,
        37.754445
    ],
    [
        51.312249,
        37.752893
    ],
    [
        51.313276,
        37.751377
    ],
    [
        51.314169,
        37.750111
    ],
    [
        51.314637,
        37.749482
    ],
    [
        51.315628,
        37.748215
    ],
    [
        51.316663,
        37.746995
    ],
    [
        51.317641,
        37.745959
    ],
    [
        51.319028,
        37.744628
    ],
    [
        51.320227,
        37.74362
    ],
    [
        51.321653,
        37.742611
    ],
    [
        51.323565,
        37.741406
    ],
    [
        51.324729,
        37.740822
    ],
    [
        51.32558,
        37.740509
    ],
    [
        51.326743,
        37.740307
    ],
    [
        51.327353,
        37.740228
    ],
    [
        51.327854,
        37.740286
    ],
    [
        51.32823,
        37.740669
    ],
    [
        51.328349,
        37.740873
    ],
    [
        51.328447,
        37.741257
    ],
    [
        51.328486,
        37.741592
    ],
    [
        51.32842,
        37.742032
    ],
    [
        51.328316,
        37.742311
    ],
    [
        51.328136,
        37.742548
    ],
    [
        51.327972,
        37.742665
    ],
    [
        51.327737,
        37.742707
    ],
    [
        51.327426,
        37.742601
    ],
    [
        51.327252,
        37.742381
    ],
    [
        51.327135,
        37.742132
    ],
    [
        51.326958,
        37.741626
    ],
    [
        51.326709,
        37.740712
    ],
    [
        51.326237,
        37.738654
    ],
    [
        51.325861,
        37.736559
    ],
    [
        51.325479,
        37.732469
    ],
    [
        51.325159,
        37.728884
    ],
    [
        51.324853,
        37.725444
    ],
    [
        51.324516,
        37.721588
    ],
    [
        51.324182,
        37.717891
    ],
    [
        51.323794,
        37.713642
    ],
    [
        51.323534,
        37.710639
    ],
    [
        51.323205,
        37.707731
    ],
    [
        51.32296,
        37.705124
    ],
    [
        51.322369,
        37.698781
    ],
    [
        51.321693,
        37.690967
    ],
    [
        51.321026,
        37.68358
    ],
    [
        51.320417,
        37.67644
    ],
    [
        51.319829,
        37.670137
    ],
    [
        51.319307,
        37.663528
    ],
    [
        51.318901,
        37.656365
    ],
    [
        51.318618,
        37.652537
    ],
    [
        51.318336,
        37.649848
    ],
    [
        51.317407,
        37.643737
    ],
    [
        51.317086,
        37.641946
    ],
    [
        51.316044,
        37.637417
    ],
    [
        51.314894,
        37.632958
    ],
    [
        51.314095,
        37.630375
    ],
    [
        51.312995,
        37.627513
    ],
    [
        51.310767,
        37.622934
    ],
    [
        51.309798,
        37.621049
    ],
    [
        51.306459,
        37.615693
    ],
    [
        51.30383,
        37.611803
    ],
    [
        51.302849,
        37.610624
    ],
    [
        51.302548,
        37.610323
    ],
    [
        51.302477,
        37.61014
    ],
    [
        51.302395,
        37.610172
    ],
    [
        51.302243,
        37.610021
    ],
    [
        51.301638,
        37.609421
    ],
    [
        51.300596,
        37.608466
    ],
    [
        51.29945,
        37.607513
    ],
    [
        51.298679,
        37.60693
    ],
    [
        51.298264,
        37.606526
    ],
    [
        51.29693,
        37.605542
    ],
    [
        51.296897,
        37.605247
    ],
    [
        51.29718,
        37.604562
    ],
    [
        51.297709,
        37.603426
    ],
    [
        51.297784,
        37.60344
    ],
    [
        51.297822,
        37.603177
    ],
    [
        51.298181,
        37.602436
    ],
    [
        51.298679,
        37.601326
    ],
    [
        51.299225,
        37.600136
    ],
    [
        51.299539,
        37.599486
    ],
    [
        51.299987,
        37.59932
    ],
    [
        51.300144,
        37.599349
    ],
    [
        51.300256,
        37.599212
    ],
    [
        51.300667,
        37.599076
    ],
    [
        51.301208,
        37.598867
    ],
    [
        51.302005,
        37.59857
    ],
    [
        51.302834,
        37.598263
    ],
    [
        51.303346,
        37.598071
    ],
    [
        51.303426,
        37.598177
    ],
    [
        51.303573,
        37.597983
    ],
    [
        51.304375,
        37.597691
    ],
    [
        51.304461,
        37.597977
    ],
    [
        51.304621,
        37.599137
    ],
    [
        51.304798,
        37.600378
    ],
    [
        51.30497,
        37.601696
    ],
    [
        51.304916,
        37.601862
    ],
    [
        51.305045,
        37.602238
    ],
    [
        51.305088,
        37.602654
    ],
    [
        51.304681,
        37.602767
    ],
    [
        51.30397,
        37.603056
    ],
    [
        51.303199,
        37.603317
    ],
    [
        51.302713,
        37.603482
    ],
    [
        51.302195,
        37.603674
    ],
    [
        51.300299,
        37.604325
    ],
    [
        51.300053,
        37.602695
    ],
    [
        51.299732,
        37.600288
    ],
    [
        51.299371,
        37.599834
    ],
    [
        51.298442,
        37.601828
    ],
    [
        51.297641,
        37.603549
    ],
    [
        51.297015,
        37.604854
    ],
    [
        51.296854,
        37.60504
    ],
    [
        51.296652,
        37.60505
    ],
    [
        51.296419,
        37.604912
    ],
    [
        51.296286,
        37.604805
    ],
    [
        51.29609,
        37.604392
    ],
    [
        51.296012,
        37.604191
    ],
    [
        51.296028,
        37.604073
    ],
    [
        51.295934,
        37.603984
    ],
    [
        51.295477,
        37.602626
    ],
    [
        51.295153,
        37.601688
    ],
    [
        51.294711,
        37.600356
    ],
    [
        51.294283,
        37.59909
    ],
    [
        51.294014,
        37.59833
    ],
    [
        51.293575,
        37.596986
    ],
    [
        51.293301,
        37.596196
    ],
    [
        51.292995,
        37.595279
    ],
    [
        51.292483,
        37.593817
    ],
    [
        51.292416,
        37.593592
    ],
    [
        51.292426,
        37.593463
    ],
    [
        51.292284,
        37.593257
    ],
    [
        51.291989,
        37.592547
    ],
    [
        51.291717,
        37.591761
    ],
    [
        51.291476,
        37.590986
    ],
    [
        51.291234,
        37.590231
    ],
    [
        51.290946,
        37.58925
    ],
    [
        51.290748,
        37.588614
    ],
    [
        51.290511,
        37.587904
    ],
    [
        51.290248,
        37.58726
    ],
    [
        51.289936,
        37.586695
    ],
    [
        51.289513,
        37.58602
    ],
    [
        51.289327,
        37.58576
    ],
    [
        51.288827,
        37.585248
    ],
    [
        51.288425,
        37.584874
    ],
    [
        51.28798,
        37.584465
    ],
    [
        51.287423,
        37.583935
    ],
    [
        51.287003,
        37.583513
    ],
    [
        51.286722,
        37.583131
    ],
    [
        51.286586,
        37.582937
    ],
    [
        51.286598,
        37.582815
    ],
    [
        51.286488,
        37.582801
    ],
    [
        51.286301,
        37.582512
    ],
    [
        51.286046,
        37.58202
    ],
    [
        51.2857,
        37.581337
    ],
    [
        51.285404,
        37.580804
    ],
    [
        51.285089,
        37.580217
    ],
    [
        51.284789,
        37.579658
    ],
    [
        51.284491,
        37.579085
    ],
    [
        51.284202,
        37.5786
    ],
    [
        51.283909,
        37.57821
    ],
    [
        51.283665,
        37.577957
    ],
    [
        51.283663,
        37.577896
    ],
    [
        51.2836,
        37.577887
    ],
    [
        51.283437,
        37.57773
    ],
    [
        51.283201,
        37.577439
    ],
    [
        51.282971,
        37.577116
    ],
    [
        51.282692,
        37.576707
    ],
    [
        51.282364,
        37.576207
    ],
    [
        51.282073,
        37.575782
    ],
    [
        51.281693,
        37.57522
    ],
    [
        51.281513,
        37.574957
    ],
    [
        51.281239,
        37.574567
    ],
    [
        51.281236,
        37.574465
    ],
    [
        51.281135,
        37.574422
    ],
    [
        51.280755,
        37.573855
    ],
    [
        51.280591,
        37.57363
    ],
    [
        51.28031,
        37.573221
    ],
    [
        51.28018,
        37.57301
    ],
    [
        51.280174,
        37.572887
    ],
    [
        51.280075,
        37.572846
    ],
    [
        51.279888,
        37.572589
    ],
    [
        51.279738,
        37.572378
    ],
    [
        51.279465,
        37.571972
    ],
    [
        51.279169,
        37.571557
    ],
    [
        51.278802,
        37.571039
    ],
    [
        51.278441,
        37.570492
    ],
    [
        51.278339,
        37.570342
    ],
    [
        51.278183,
        37.570054
    ],
    [
        51.277938,
        37.569614
    ],
    [
        51.277861,
        37.569398
    ],
    [
        51.277821,
        37.568934
    ],
    [
        51.277868,
        37.568492
    ],
    [
        51.277968,
        37.568113
    ],
    [
        51.278251,
        37.567255
    ],
    [
        51.278383,
        37.566986
    ],
    [
        51.278509,
        37.566683
    ],
    [
        51.278568,
        37.566343
    ],
    [
        51.27858,
        37.566041
    ],
    [
        51.278575,
        37.565737
    ],
    [
        51.278599,
        37.565658
    ],
    [
        51.278661,
        37.565657
    ],
    [
        51.278606,
        37.565521
    ],
    [
        51.278592,
        37.565327
    ],
    [
        51.278547,
        37.565177
    ],
    [
        51.278571,
        37.564749
    ],
    [
        51.27868,
        37.564257
    ],
    [
        51.278846,
        37.563865
    ],
    [
        51.279391,
        37.5626
    ],
    [
        51.279719,
        37.561822
    ],
    [
        51.279842,
        37.561327
    ],
    [
        51.28012,
        37.559874
    ],
    [
        51.280246,
        37.559233
    ],
    [
        51.280429,
        37.558681
    ],
    [
        51.280692,
        37.558244
    ],
    [
        51.281092,
        37.557687
    ],
    [
        51.281331,
        37.557521
    ],
    [
        51.281973,
        37.557281
    ],
    [
        51.282273,
        37.557092
    ],
    [
        51.282581,
        37.556707
    ],
    [
        51.282811,
        37.556077
    ],
    [
        51.283435,
        37.5529
    ],
    [
        51.283553,
        37.552837
    ],
    [
        51.283489,
        37.552673
    ],
    [
        51.283565,
        37.552347
    ],
    [
        51.283535,
        37.552203
    ],
    [
        51.283445,
        37.552124
    ],
    [
        51.283332,
        37.552085
    ],
    [
        51.283187,
        37.552026
    ],
    [
        51.282973,
        37.551921
    ],
    [
        51.282771,
        37.551786
    ],
    [
        51.282438,
        37.551448
    ],
    [
        51.282228,
        37.551196
    ],
    [
        51.281885,
        37.550739
    ],
    [
        51.281635,
        37.550304
    ],
    [
        51.281422,
        37.549849
    ],
    [
        51.281153,
        37.549277
    ],
    [
        51.280853,
        37.548662
    ],
    [
        51.280544,
        37.548002
    ],
    [
        51.280451,
        37.547776
    ],
    [
        51.28105,
        37.547035
    ],
    [
        51.281349,
        37.546643
    ],
    [
        51.281394,
        37.546696
    ],
    [
        51.281462,
        37.546492
    ],
    [
        51.281841,
        37.546002
    ],
    [
        51.282122,
        37.545645
    ],
    [
        51.282441,
        37.545242
    ],
    [
        51.282735,
        37.544861
    ],
    [
        51.283053,
        37.54444
    ],
    [
        51.28332,
        37.544121
    ],
    [
        51.283574,
        37.543783
    ],
    [
        51.284016,
        37.543246
    ],
    [
        51.284256,
        37.54292
    ],
    [
        51.284562,
        37.542551
    ],
    [
        51.28462,
        37.542476
    ],
    [
        51.284656,
        37.542504
    ],
    [
        51.284676,
        37.542398
    ],
    [
        51.284777,
        37.542273
    ],
    [
        51.284961,
        37.542034
    ],
    [
        51.28508,
        37.541873
    ],
    [
        51.286142,
        37.540529
    ],
    [
        51.286391,
        37.540206
    ],
    [
        51.286771,
        37.539729
    ],
    [
        51.28709,
        37.539323
    ],
    [
        51.287295,
        37.539073
    ],
    [
        51.28739,
        37.538958
    ],
    [
        51.287443,
        37.538966
    ],
    [
        51.287527,
        37.538791
    ],
    [
        51.287857,
        37.538371
    ],
    [
        51.28818,
        37.537954
    ],
    [
        51.288621,
        37.53739
    ],
    [
        51.288885,
        37.537059
    ],
    [
        51.289147,
        37.536719
    ],
    [
        51.289224,
        37.536627
    ],
    [
        51.289,
        37.536128
    ],
    [
        51.288524,
        37.535206
    ],
    [
        51.288184,
        37.534519
    ],
    [
        51.287895,
        37.533922
    ],
    [
        51.287564,
        37.533256
    ],
    [
        51.287305,
        37.532702
    ],
    [
        51.28713,
        37.532365
    ],
    [
        51.28694,
        37.532003
    ],
    [
        51.286725,
        37.531561
    ],
    [
        51.286538,
        37.531143
    ],
    [
        51.286342,
        37.53077
    ],
    [
        51.286188,
        37.53047
    ],
    [
        51.286099,
        37.530277
    ],
    [
        51.286131,
        37.53011
    ],
    [
        51.286021,
        37.530124
    ],
    [
        51.285791,
        37.52967
    ],
    [
        51.285585,
        37.529267
    ],
    [
        51.285357,
        37.528789
    ],
    [
        51.285149,
        37.528379
    ],
    [
        51.284933,
        37.527984
    ],
    [
        51.284756,
        37.527614
    ],
    [
        51.284511,
        37.527126
    ],
    [
        51.284316,
        37.526732
    ],
    [
        51.284087,
        37.526274
    ],
    [
        51.283814,
        37.52578
    ],
    [
        51.283647,
        37.525479
    ],
    [
        51.283461,
        37.525222
    ],
    [
        51.283213,
        37.524883
    ],
    [
        51.283033,
        37.524635
    ],
    [
        51.282819,
        37.524347
    ],
    [
        51.282694,
        37.524162
    ],
    [
        51.282711,
        37.524035
    ],
    [
        51.28262,
        37.524056
    ],
    [
        51.282398,
        37.523766
    ],
    [
        51.282222,
        37.523455
    ],
    [
        51.282052,
        37.523141
    ],
    [
        51.281865,
        37.522756
    ],
    [
        51.281738,
        37.522501
    ],
    [
        51.281629,
        37.522276
    ],
    [
        51.281362,
        37.521747
    ],
    [
        51.281219,
        37.521472
    ],
    [
        51.281058,
        37.521164
    ],
    [
        51.280899,
        37.520831
    ],
    [
        51.280743,
        37.520508
    ],
    [
        51.28056,
        37.520147
    ],
    [
        51.280422,
        37.519879
    ],
    [
        51.280276,
        37.519592
    ],
    [
        51.280005,
        37.519041
    ],
    [
        51.279744,
        37.518516
    ],
    [
        51.279542,
        37.518122
    ],
    [
        51.279391,
        37.517832
    ],
    [
        51.279277,
        37.517531
    ],
    [
        51.27915,
        37.517109
    ],
    [
        51.279014,
        37.516578
    ],
    [
        51.278941,
        37.516201
    ],
    [
        51.278928,
        37.515468
    ],
    [
        51.278924,
        37.514898
    ],
    [
        51.278998,
        37.514847
    ],
    [
        51.278918,
        37.514635
    ],
    [
        51.27891,
        37.514143
    ],
    [
        51.2789,
        37.513177
    ],
    [
        51.278875,
        37.512059
    ],
    [
        51.278853,
        37.510715
    ],
    [
        51.278841,
        37.510268
    ],
    [
        51.278521,
        37.510272
    ],
    [
        51.278155,
        37.51027
    ],
    [
        51.277675,
        37.510299
    ],
    [
        51.277283,
        37.510307
    ],
    [
        51.277162,
        37.510312
    ],
    [
        51.277139,
        37.510227
    ],
    [
        51.27706,
        37.510303
    ],
    [
        51.276646,
        37.510324
    ],
    [
        51.276244,
        37.510333
    ],
    [
        51.275893,
        37.51035
    ],
    [
        51.275506,
        37.510368
    ],
    [
        51.275099,
        37.510388
    ],
    [
        51.274581,
        37.510392
    ],
    [
        51.274199,
        37.510413
    ],
    [
        51.273902,
        37.510419
    ],
    [
        51.273519,
        37.510434
    ],
    [
        51.273075,
        37.510449
    ],
    [
        51.272824,
        37.510453
    ],
    [
        51.272723,
        37.51043
    ],
    [
        51.272615,
        37.510378
    ],
    [
        51.272483,
        37.510327
    ],
    [
        51.272409,
        37.510386
    ],
    [
        51.272357,
        37.510505
    ],
    [
        51.272357,
        37.510658
    ],
    [
        51.2724,
        37.510776
    ],
    [
        51.272461,
        37.510834
    ],
    [
        51.272525,
        37.510955
    ],
    [
        51.272561,
        37.51102
    ],
    [
        51.272562,
        37.511419
    ],
    [
        51.272569,
        37.511718
    ],
    [
        51.272508,
        37.511918
    ],
    [
        51.272579,
        37.512074
    ],
    [
        51.272654,
        37.512505
    ],
    [
        51.272791,
        37.513019
    ],
    [
        51.272968,
        37.513497
    ],
    [
        51.273168,
        37.513836
    ],
    [
        51.273453,
        37.514206
    ],
    [
        51.273785,
        37.514589
    ],
    [
        51.274258,
        37.515048
    ],
    [
        51.274758,
        37.51556
    ],
    [
        51.275113,
        37.515911
    ],
    [
        51.275197,
        37.516076
    ],
    [
        51.275241,
        37.516311
    ],
    [
        51.275356,
        37.516564
    ],
    [
        51.275487,
        37.516758
    ],
    [
        51.275937,
        37.517225
    ],
    [
        51.276375,
        37.517632
    ],
    [
        51.276746,
        37.518015
    ],
    [
        51.276957,
        37.518263
    ],
    [
        51.277161,
        37.51829
    ],
    [
        51.277315,
        37.518182
    ],
    [
        51.277528,
        37.518052
    ],
    [
        51.277855,
        37.517702
    ],
    [
        51.278104,
        37.517427
    ],
    [
        51.278182,
        37.517504
    ],
    [
        51.278322,
        37.517199
    ],
    [
        51.278614,
        37.516878
    ],
    [
        51.278793,
        37.516949
    ],
    [
        51.278952,
        37.517098
    ],
    [
        51.279154,
        37.517482
    ],
    [
        51.279426,
        37.517939
    ],
    [
        51.279254,
        37.518449
    ],
    [
        51.278726,
        37.519715
    ],
    [
        51.27816,
        37.521076
    ],
    [
        51.277753,
        37.522068
    ],
    [
        51.277235,
        37.523286
    ],
    [
        51.27675,
        37.524436
    ],
    [
        51.27652,
        37.524962
    ],
    [
        51.276439,
        37.525256
    ],
    [
        51.27615,
        37.526002
    ],
    [
        51.275863,
        37.526706
    ],
    [
        51.275274,
        37.528117
    ],
    [
        51.274998,
        37.528802
    ],
    [
        51.27446,
        37.530012
    ],
    [
        51.274312,
        37.530302
    ],
    [
        51.27417,
        37.530067
    ],
    [
        51.27408,
        37.529857
    ],
    [
        51.273713,
        37.529137
    ],
    [
        51.27329,
        37.528277
    ],
    [
        51.272983,
        37.527602
    ],
    [
        51.27311,
        37.527326
    ],
    [
        51.273181,
        37.527332
    ],
    [
        51.273206,
        37.527134
    ],
    [
        51.273636,
        37.526112
    ],
    [
        51.274096,
        37.524978
    ],
    [
        51.274559,
        37.52385
    ],
    [
        51.274889,
        37.523021
    ],
    [
        51.2752,
        37.52222
    ],
    [
        51.27526,
        37.522245
    ]
]