[
    [
        51.243246,
        37.794662
    ],
    [
        51.243437,
        37.793617
    ],
    [
        51.243331,
        37.793234
    ],
    [
        51.243308,
        37.792892
    ],
    [
        51.243677,
        37.790864
    ],
    [
        51.244001,
        37.789146
    ],
    [
        51.242913,
        37.78865
    ],
    [
        51.243123,
        37.787341
    ],
    [
        51.243761,
        37.783952
    ],
    [
        51.243331,
        37.784086
    ],
    [
        51.243211,
        37.78495
    ],
    [
        51.243541,
        37.785116
    ],
    [
        51.243917,
        37.783098
    ],
    [
        51.24426,
        37.781296
    ],
    [
        51.244432,
        37.780737
    ],
    [
        51.24462,
        37.78038
    ],
    [
        51.244792,
        37.780168
    ],
    [
        51.246,
        37.779082
    ],
    [
        51.246311,
        37.778988
    ],
    [
        51.24656,
        37.779025
    ],
    [
        51.248906,
        37.780053
    ],
    [
        51.249311,
        37.780073
    ],
    [
        51.249839,
        37.779923
    ],
    [
        51.250187,
        37.779611
    ],
    [
        51.250345,
        37.779399
    ],
    [
        51.252482,
        37.776655
    ],
    [
        51.252861,
        37.776479
    ],
    [
        51.253401,
        37.77224
    ],
    [
        51.253488,
        37.770957
    ],
    [
        51.253438,
        37.769099
    ],
    [
        51.253257,
        37.768748
    ],
    [
        51.252605,
        37.768808
    ],
    [
        51.25208,
        37.768606
    ],
    [
        51.250889,
        37.767516
    ],
    [
        51.248816,
        37.768167
    ],
    [
        51.248486,
        37.768048
    ],
    [
        51.247621,
        37.766486
    ],
    [
        51.247082,
        37.765952
    ],
    [
        51.246748,
        37.765362
    ],
    [
        51.245908,
        37.762224
    ],
    [
        51.245361,
        37.759606
    ],
    [
        51.244784,
        37.757014
    ],
    [
        51.244575,
        37.756678
    ],
    [
        51.244319,
        37.75661
    ],
    [
        51.243234,
        37.757278
    ],
    [
        51.243047,
        37.757438
    ],
    [
        51.242931,
        37.757738
    ],
    [
        51.242897,
        37.758073
    ],
    [
        51.242991,
        37.758584
    ],
    [
        51.243313,
        37.759861
    ],
    [
        51.243472,
        37.760484
    ],
    [
        51.243719,
        37.761479
    ],
    [
        51.243804,
        37.762733
    ],
    [
        51.243871,
        37.76397
    ],
    [
        51.243773,
        37.762097
    ],
    [
        51.243722,
        37.761477
    ],
    [
        51.243316,
        37.759856
    ],
    [
        51.242994,
        37.758581
    ],
    [
        51.242901,
        37.758083
    ],
    [
        51.242933,
        37.757738
    ],
    [
        51.243052,
        37.757443
    ],
    [
        51.243269,
        37.757259
    ],
    [
        51.243792,
        37.756938
    ],
    [
        51.244324,
        37.756632
    ],
    [
        51.24457,
        37.756681
    ],
    [
        51.244785,
        37.757016
    ],
    [
        51.244793,
        37.756952
    ],
    [
        51.244778,
        37.756589
    ],
    [
        51.244863,
        37.756258
    ],
    [
        51.245409,
        37.755147
    ],
    [
        51.245902,
        37.7541
    ],
    [
        51.246512,
        37.752798
    ],
    [
        51.246758,
        37.752449
    ],
    [
        51.247131,
        37.752835
    ],
    [
        51.247615,
        37.753263
    ],
    [
        51.24794,
        37.753561
    ],
    [
        51.248234,
        37.75376
    ],
    [
        51.248834,
        37.754063
    ],
    [
        51.249335,
        37.754314
    ],
    [
        51.249771,
        37.75454
    ],
    [
        51.250304,
        37.754835
    ],
    [
        51.251274,
        37.755304
    ],
    [
        51.251749,
        37.755486
    ],
    [
        51.252208,
        37.755611
    ],
    [
        51.252708,
        37.755638
    ],
    [
        51.252951,
        37.755648
    ],
    [
        51.253485,
        37.755544
    ],
    [
        51.253761,
        37.755493
    ],
    [
        51.254412,
        37.755097
    ],
    [
        51.25492,
        37.754785
    ],
    [
        51.255373,
        37.754514
    ],
    [
        51.256431,
        37.753865
    ],
    [
        51.25789,
        37.75293
    ],
    [
        51.257919,
        37.751939
    ],
    [
        51.258194,
        37.751913
    ],
    [
        51.258255,
        37.752736
    ],
    [
        51.25846,
        37.75385
    ],
    [
        51.261725,
        37.755178
    ],
    [
        51.263584,
        37.755962
    ],
    [
        51.264814,
        37.756495
    ],
    [
        51.265105,
        37.756822
    ],
    [
        51.265205,
        37.757727
    ],
    [
        51.265217,
        37.757865
    ],
    [
        51.265303,
        37.758116
    ],
    [
        51.265518,
        37.758315
    ],
    [
        51.265963,
        37.758406
    ],
    [
        51.266637,
        37.758127
    ],
    [
        51.268217,
        37.757672
    ],
    [
        51.28158,
        37.754747
    ],
    [
        51.281325,
        37.753013
    ],
    [
        51.280956,
        37.750489
    ],
    [
        51.280887,
        37.749608
    ],
    [
        51.280896,
        37.748403
    ],
    [
        51.28097,
        37.746838
    ],
    [
        51.280975,
        37.745547
    ],
    [
        51.280867,
        37.743341
    ],
    [
        51.280624,
        37.739264
    ],
    [
        51.280371,
        37.736636
    ],
    [
        51.280317,
        37.735548
    ],
    [
        51.280238,
        37.7351
    ],
    [
        51.280115,
        37.734737
    ],
    [
        51.279878,
        37.734383
    ],
    [
        51.279568,
        37.734084
    ],
    [
        51.27909,
        37.73349
    ],
    [
        51.278415,
        37.732742
    ],
    [
        51.278152,
        37.7323
    ],
    [
        51.277994,
        37.731828
    ],
    [
        51.277911,
        37.730836
    ],
    [
        51.277802,
        37.7283
    ],
    [
        51.277631,
        37.725962
    ],
    [
        51.277777,
        37.72819
    ],
    [
        51.277882,
        37.730177
    ],
    [
        51.277994,
        37.731697
    ],
    [
        51.278104,
        37.732192
    ],
    [
        51.278345,
        37.73266
    ],
    [
        51.279097,
        37.733516
    ],
    [
        51.279615,
        37.734133
    ],
    [
        51.280039,
        37.734588
    ],
    [
        51.280155,
        37.734778
    ],
    [
        51.280292,
        37.735355
    ],
    [
        51.280358,
        37.735968
    ],
    [
        51.280397,
        37.73682
    ],
    [
        51.280526,
        37.738161
    ],
    [
        51.280611,
        37.739331
    ],
    [
        51.280713,
        37.740872
    ],
    [
        51.280792,
        37.742239
    ],
    [
        51.280945,
        37.744479
    ],
    [
        51.280962,
        37.74553
    ],
    [
        51.280976,
        37.746793
    ],
    [
        51.280939,
        37.747582
    ],
    [
        51.2809,
        37.748551
    ],
    [
        51.280889,
        37.749684
    ],
    [
        51.280945,
        37.750427
    ],
    [
        51.281182,
        37.751896
    ],
    [
        51.281427,
        37.753719
    ],
    [
        51.282027,
        37.759393
    ],
    [
        51.282192,
        37.762685
    ],
    [
        51.282524,
        37.767932
    ],
    [
        51.28278,
        37.771417
    ],
    [
        51.283259,
        37.776201
    ],
    [
        51.28385,
        37.781706
    ],
    [
        51.284436,
        37.786979
    ],
    [
        51.284429,
        37.787642
    ],
    [
        51.28429,
        37.787854
    ],
    [
        51.28429,
        37.788112
    ],
    [
        51.284356,
        37.788289
    ],
    [
        51.284482,
        37.788447
    ],
    [
        51.284624,
        37.78845
    ],
    [
        51.284738,
        37.78835
    ],
    [
        51.284808,
        37.788236
    ],
    [
        51.285294,
        37.788155
    ],
    [
        51.285739,
        37.78819
    ],
    [
        51.286555,
        37.788039
    ],
    [
        51.286907,
        37.787881
    ],
    [
        51.287657,
        37.787317
    ],
    [
        51.288487,
        37.786242
    ],
    [
        51.289651,
        37.784525
    ],
    [
        51.291044,
        37.782507
    ],
    [
        51.292528,
        37.780315
    ],
    [
        51.294184,
        37.777863
    ],
    [
        51.300292,
        37.769548
    ],
    [
        51.30099,
        37.768862
    ],
    [
        51.301363,
        37.76868
    ],
    [
        51.30164,
        37.768425
    ],
    [
        51.301781,
        37.768015
    ],
    [
        51.30207,
        37.767449
    ],
    [
        51.302886,
        37.766401
    ],
    [
        51.304744,
        37.763834
    ],
    [
        51.306243,
        37.761668
    ],
    [
        51.307643,
        37.759611
    ],
    [
        51.308946,
        37.757743
    ],
    [
        51.310627,
        37.755282
    ],
    [
        51.312699,
        37.752234
    ],
    [
        51.314394,
        37.749798
    ],
    [
        51.316742,
        37.74691
    ],
    [
        51.319006,
        37.744622
    ],
    [
        51.321661,
        37.742542
    ],
    [
        51.323927,
        37.741211
    ],
    [
        51.325222,
        37.740631
    ],
    [
        51.325671,
        37.740472
    ],
    [
        51.327098,
        37.740237
    ],
    [
        51.327859,
        37.740273
    ],
    [
        51.328295,
        37.74075
    ],
    [
        51.328413,
        37.741067
    ],
    [
        51.328474,
        37.741493
    ],
    [
        51.328468,
        37.74179
    ],
    [
        51.328324,
        37.742303
    ],
    [
        51.3281,
        37.742584
    ],
    [
        51.327811,
        37.742697
    ],
    [
        51.327514,
        37.742646
    ],
    [
        51.327312,
        37.742482
    ],
    [
        51.327149,
        37.74218
    ],
    [
        51.327052,
        37.741846
    ],
    [
        51.326896,
        37.741431
    ],
    [
        51.326662,
        37.740504
    ],
    [
        51.326227,
        37.738705
    ],
    [
        51.325861,
        37.736528
    ],
    [
        51.32556,
        37.733267
    ],
    [
        51.325252,
        37.730007
    ],
    [
        51.324999,
        37.727015
    ],
    [
        51.324686,
        37.72359
    ],
    [
        51.324436,
        37.720676
    ],
    [
        51.324107,
        37.717047
    ],
    [
        51.323787,
        37.713598
    ],
    [
        51.323498,
        37.710369
    ],
    [
        51.323026,
        37.705785
    ],
    [
        51.322626,
        37.70171
    ],
    [
        51.322392,
        37.699096
    ],
    [
        51.321849,
        37.692985
    ],
    [
        51.321099,
        37.684501
    ],
    [
        51.320475,
        37.677368
    ],
    [
        51.319679,
        37.668477
    ],
    [
        51.319489,
        37.665927
    ],
    [
        51.319206,
        37.662508
    ],
    [
        51.318907,
        37.656415
    ],
    [
        51.318692,
        37.653393
    ],
    [
        51.318492,
        37.651195
    ],
    [
        51.317773,
        37.646238
    ],
    [
        51.317313,
        37.643167
    ],
    [
        51.316901,
        37.641132
    ],
    [
        51.315925,
        37.637016
    ],
    [
        51.314876,
        37.632864
    ],
    [
        51.314134,
        37.630496
    ],
    [
        51.313053,
        37.627705
    ],
    [
        51.311767,
        37.624971
    ],
    [
        51.310115,
        37.621613
    ],
    [
        51.308104,
        37.61835
    ],
    [
        51.306181,
        37.615329
    ],
    [
        51.304126,
        37.612237
    ],
    [
        51.30287,
        37.61066
    ],
    [
        51.302446,
        37.610249
    ],
    [
        51.302482,
        37.610084
    ],
    [
        51.302304,
        37.610084
    ],
    [
        51.301899,
        37.609683
    ],
    [
        51.300965,
        37.608786
    ],
    [
        51.299875,
        37.607863
    ],
    [
        51.298752,
        37.607007
    ],
    [
        51.298334,
        37.606588
    ],
    [
        51.297426,
        37.60591
    ],
    [
        51.296924,
        37.605526
    ],
    [
        51.296891,
        37.60525
    ],
    [
        51.297136,
        37.604701
    ],
    [
        51.297602,
        37.603653
    ],
    [
        51.297699,
        37.603456
    ],
    [
        51.297777,
        37.603443
    ],
    [
        51.297799,
        37.60325
    ],
    [
        51.298168,
        37.602468
    ],
    [
        51.298429,
        37.601878
    ],
    [
        51.298878,
        37.600894
    ],
    [
        51.299268,
        37.60005
    ],
    [
        51.299537,
        37.599484
    ],
    [
        51.300105,
        37.599285
    ],
    [
        51.300149,
        37.599346
    ],
    [
        51.300249,
        37.599213
    ],
    [
        51.300819,
        37.599016
    ],
    [
        51.301405,
        37.598794
    ],
    [
        51.3018,
        37.598644
    ],
    [
        51.3024,
        37.598432
    ],
    [
        51.302908,
        37.598236
    ],
    [
        51.303357,
        37.598074
    ],
    [
        51.303405,
        37.598168
    ],
    [
        51.303474,
        37.598024
    ],
    [
        51.303915,
        37.597877
    ],
    [
        51.3042,
        37.597759
    ],
    [
        51.304391,
        37.597697
    ],
    [
        51.304476,
        37.59801
    ],
    [
        51.304745,
        37.599979
    ],
    [
        51.304935,
        37.60141
    ],
    [
        51.304974,
        37.60177
    ],
    [
        51.304918,
        37.601898
    ],
    [
        51.305025,
        37.602181
    ],
    [
        51.305099,
        37.602673
    ],
    [
        51.304439,
        37.602866
    ],
    [
        51.303813,
        37.603094
    ],
    [
        51.303119,
        37.603338
    ],
    [
        51.302475,
        37.603551
    ],
    [
        51.301779,
        37.603807
    ],
    [
        51.300968,
        37.604082
    ],
    [
        51.300288,
        37.604317
    ],
    [
        51.300153,
        37.603331
    ],
    [
        51.299777,
        37.600605
    ],
    [
        51.299733,
        37.600304
    ],
    [
        51.299654,
        37.600204
    ],
    [
        51.299467,
        37.599952
    ],
    [
        51.299388,
        37.599847
    ],
    [
        51.299354,
        37.599842
    ],
    [
        51.299063,
        37.600453
    ],
    [
        51.297607,
        37.603619
    ],
    [
        51.297002,
        37.604896
    ],
    [
        51.296837,
        37.60504
    ],
    [
        51.296683,
        37.605059
    ],
    [
        51.296546,
        37.604997
    ],
    [
        51.2963,
        37.60484
    ],
    [
        51.296054,
        37.604322
    ],
    [
        51.296018,
        37.604079
    ],
    [
        51.295922,
        37.603979
    ],
    [
        51.295674,
        37.603189
    ],
    [
        51.293177,
        37.595958
    ],
    [
        51.292826,
        37.594768
    ],
    [
        51.292414,
        37.593592
    ],
    [
        51.292421,
        37.593449
    ],
    [
        51.292299,
        37.593312
    ],
    [
        51.292012,
        37.592564
    ],
    [
        51.291846,
        37.592099
    ],
    [
        51.291507,
        37.591083
    ],
    [
        51.291166,
        37.589959
    ],
    [
        51.290744,
        37.58857
    ],
    [
        51.290434,
        37.58768
    ],
    [
        51.29013,
        37.587004
    ],
    [
        51.289658,
        37.586217
    ],
    [
        51.289307,
        37.585716
    ],
    [
        51.288908,
        37.585332
    ],
    [
        51.288378,
        37.584833
    ],
    [
        51.287592,
        37.584077
    ],
    [
        51.287081,
        37.583596
    ],
    [
        51.286704,
        37.583133
    ],
    [
        51.28659,
        37.582951
    ],
    [
        51.286601,
        37.58281
    ],
    [
        51.286485,
        37.582807
    ],
    [
        51.286333,
        37.582564
    ],
    [
        51.285958,
        37.58184
    ],
    [
        51.285512,
        37.58101
    ],
    [
        51.284851,
        37.579786
    ],
    [
        51.284421,
        37.578978
    ],
    [
        51.284068,
        37.578418
    ],
    [
        51.283704,
        37.577984
    ],
    [
        51.283666,
        37.577887
    ],
    [
        51.283532,
        37.577822
    ],
    [
        51.283247,
        37.577504
    ],
    [
        51.283078,
        37.577272
    ],
    [
        51.282744,
        37.576806
    ],
    [
        51.282369,
        37.576247
    ],
    [
        51.281871,
        37.575513
    ],
    [
        51.281529,
        37.575006
    ],
    [
        51.281229,
        37.574547
    ],
    [
        51.281232,
        37.574459
    ],
    [
        51.281056,
        37.574313
    ],
    [
        51.280439,
        37.573429
    ],
    [
        51.28018,
        37.573059
    ],
    [
        51.280196,
        37.57291
    ],
    [
        51.280069,
        37.572886
    ],
    [
        51.279566,
        37.572181
    ],
    [
        51.278934,
        37.571273
    ],
    [
        51.278312,
        37.570335
    ],
    [
        51.277915,
        37.569596
    ],
    [
        51.277846,
        37.569294
    ],
    [
        51.277813,
        37.56897
    ],
    [
        51.277843,
        37.568654
    ],
    [
        51.277904,
        37.568306
    ],
    [
        51.277988,
        37.568004
    ],
    [
        51.278261,
        37.567225
    ],
    [
        51.278375,
        37.567037
    ],
    [
        51.278512,
        37.566679
    ],
    [
        51.278573,
        37.566341
    ],
    [
        51.278585,
        37.565976
    ],
    [
        51.278576,
        37.565791
    ],
    [
        51.278669,
        37.565703
    ],
    [
        51.27862,
        37.565569
    ],
    [
        51.278596,
        37.565327
    ],
    [
        51.278538,
        37.565188
    ],
    [
        51.278561,
        37.564906
    ],
    [
        51.278581,
        37.564687
    ],
    [
        51.2787,
        37.564216
    ],
    [
        51.279113,
        37.563272
    ],
    [
        51.279725,
        37.56183
    ],
    [
        51.279946,
        37.560878
    ],
    [
        51.280202,
        37.559427
    ],
    [
        51.280384,
        37.558753
    ],
    [
        51.281119,
        37.557659
    ],
    [
        51.281607,
        37.557422
    ],
    [
        51.282002,
        37.557278
    ],
    [
        51.282191,
        37.557161
    ],
    [
        51.2824,
        37.556955
    ],
    [
        51.282544,
        37.556748
    ],
    [
        51.282697,
        37.556429
    ],
    [
        51.282806,
        37.556171
    ],
    [
        51.282873,
        37.555855
    ],
    [
        51.282965,
        37.555376
    ],
    [
        51.283163,
        37.55434
    ],
    [
        51.283346,
        37.553386
    ],
    [
        51.283457,
        37.552808
    ],
    [
        51.283551,
        37.552833
    ],
    [
        51.283498,
        37.552655
    ],
    [
        51.283559,
        37.55237
    ],
    [
        51.283516,
        37.552171
    ],
    [
        51.28341,
        37.552093
    ],
    [
        51.283054,
        37.551976
    ],
    [
        51.282641,
        37.551673
    ],
    [
        51.282167,
        37.551141
    ],
    [
        51.281698,
        37.550466
    ],
    [
        51.281389,
        37.549794
    ],
    [
        51.281028,
        37.549042
    ],
    [
        51.280459,
        37.54783
    ],
    [
        51.280482,
        37.547728
    ],
    [
        51.280852,
        37.547272
    ],
    [
        51.281333,
        37.546658
    ],
    [
        51.281385,
        37.546697
    ],
    [
        51.281419,
        37.546541
    ],
    [
        51.282047,
        37.545738
    ],
    [
        51.282862,
        37.544696
    ],
    [
        51.283414,
        37.544004
    ],
    [
        51.283965,
        37.543293
    ],
    [
        51.284299,
        37.542876
    ],
    [
        51.284605,
        37.542476
    ],
    [
        51.284659,
        37.54251
    ],
    [
        51.284781,
        37.542264
    ],
    [
        51.285277,
        37.541631
    ],
    [
        51.285606,
        37.541197
    ],
    [
        51.286028,
        37.540674
    ],
    [
        51.286419,
        37.540162
    ],
    [
        51.287183,
        37.539221
    ],
    [
        51.287402,
        37.538933
    ],
    [
        51.287442,
        37.538963
    ],
    [
        51.287455,
        37.538867
    ],
    [
        51.289228,
        37.536624
    ],
    [
        51.288807,
        37.53575
    ],
    [
        51.288354,
        37.534809
    ],
    [
        51.28795,
        37.534007
    ],
    [
        51.287471,
        37.533041
    ],
    [
        51.287111,
        37.532325
    ],
    [
        51.286664,
        37.531418
    ],
    [
        51.286271,
        37.530635
    ],
    [
        51.286064,
        37.530227
    ],
    [
        51.28611,
        37.530113
    ],
    [
        51.28595,
        37.529986
    ],
    [
        51.285657,
        37.529411
    ],
    [
        51.285277,
        37.528634
    ],
    [
        51.284971,
        37.528045
    ],
    [
        51.284616,
        37.527313
    ],
    [
        51.284287,
        37.526668
    ],
    [
        51.284024,
        37.52617
    ],
    [
        51.2837,
        37.525569
    ],
    [
        51.283384,
        37.525111
    ],
    [
        51.283008,
        37.524584
    ],
    [
        51.282691,
        37.524145
    ],
    [
        51.282697,
        37.524027
    ],
    [
        51.282603,
        37.524035
    ],
    [
        51.2824,
        37.52376
    ],
    [
        51.28213,
        37.523303
    ],
    [
        51.281783,
        37.52259
    ],
    [
        51.281452,
        37.521916
    ],
    [
        51.281182,
        37.52141
    ],
    [
        51.280761,
        37.520558
    ],
    [
        51.28043,
        37.519885
    ],
    [
        51.280039,
        37.519102
    ],
    [
        51.27968,
        37.518392
    ],
    [
        51.279384,
        37.517819
    ],
    [
        51.279157,
        37.517188
    ],
    [
        51.278939,
        37.51623
    ],
    [
        51.278923,
        37.514908
    ],
    [
        51.27896,
        37.51488
    ],
    [
        51.278917,
        37.514702
    ],
    [
        51.278839,
        37.51027
    ],
    [
        51.277339,
        37.510311
    ],
    [
        51.277147,
        37.510304
    ],
    [
        51.277143,
        37.510204
    ],
    [
        51.276864,
        37.510333
    ],
    [
        51.275797,
        37.51035
    ],
    [
        51.275162,
        37.510377
    ],
    [
        51.274192,
        37.510418
    ],
    [
        51.273453,
        37.510433
    ],
    [
        51.272815,
        37.510453
    ],
    [
        51.272706,
        37.51043
    ],
    [
        51.272524,
        37.510339
    ],
    [
        51.272406,
        37.510368
    ],
    [
        51.272362,
        37.510497
    ],
    [
        51.27236,
        37.51063
    ],
    [
        51.272397,
        37.510747
    ],
    [
        51.272465,
        37.51085
    ],
    [
        51.272526,
        37.510968
    ],
    [
        51.272546,
        37.511109
    ],
    [
        51.272562,
        37.51145
    ],
    [
        51.272575,
        37.511815
    ],
    [
        51.272522,
        37.511892
    ],
    [
        51.272612,
        37.512168
    ],
    [
        51.272796,
        37.513045
    ],
    [
        51.27301,
        37.513548
    ],
    [
        51.273322,
        37.514036
    ],
    [
        51.273884,
        37.51469
    ],
    [
        51.274336,
        37.515116
    ],
    [
        51.275014,
        37.51581
    ],
    [
        51.275186,
        37.516062
    ],
    [
        51.275304,
        37.516449
    ],
    [
        51.275479,
        37.51678
    ],
    [
        51.275879,
        37.517145
    ],
    [
        51.276724,
        37.517995
    ],
    [
        51.276938,
        37.518264
    ],
    [
        51.277097,
        37.518295
    ],
    [
        51.277492,
        37.518089
    ],
    [
        51.278096,
        37.517445
    ],
    [
        51.278177,
        37.517524
    ],
    [
        51.278256,
        37.517262
    ],
    [
        51.278609,
        37.516892
    ],
    [
        51.278799,
        37.516948
    ],
    [
        51.278947,
        37.517112
    ],
    [
        51.279159,
        37.517494
    ],
    [
        51.279439,
        37.51797
    ],
    [
        51.278369,
        37.520582
    ],
    [
        51.277785,
        37.521982
    ],
    [
        51.276994,
        37.523871
    ],
    [
        51.276512,
        37.52499
    ],
    [
        51.276072,
        37.526182
    ],
    [
        51.275401,
        37.527837
    ],
    [
        51.274936,
        37.528944
    ],
    [
        51.274328,
        37.5303
    ],
    [
        51.273877,
        37.529486
    ],
    [
        51.272983,
        37.527583
    ],
    [
        51.27311,
        37.527308
    ],
    [
        51.273177,
        37.527351
    ],
    [
        51.273185,
        37.527155
    ],
    [
        51.273718,
        37.525914
    ],
    [
        51.27412,
        37.524933
    ],
    [
        51.274357,
        37.524346
    ],
    [
        51.274609,
        37.523731
    ],
    [
        51.274953,
        37.522846
    ],
    [
        51.275181,
        37.522285
    ],
    [
        51.275259,
        37.522248
    ]
]