[
    [
        51.284697,
        37.79536
    ],
    [
        51.284605,
        37.795487
    ],
    [
        51.283893,
        37.795691
    ],
    [
        51.283178,
        37.796013
    ],
    [
        51.283014,
        37.79609
    ],
    [
        51.282952,
        37.796052
    ],
    [
        51.282908,
        37.796148
    ],
    [
        51.282572,
        37.796405
    ],
    [
        51.282223,
        37.796729
    ],
    [
        51.28159,
        37.797316
    ],
    [
        51.281197,
        37.797711
    ],
    [
        51.280887,
        37.79802
    ],
    [
        51.280478,
        37.798407
    ],
    [
        51.280167,
        37.79869
    ],
    [
        51.279755,
        37.799094
    ],
    [
        51.279294,
        37.799536
    ],
    [
        51.278858,
        37.799956
    ],
    [
        51.278449,
        37.800349
    ],
    [
        51.277996,
        37.800775
    ],
    [
        51.277626,
        37.801135
    ],
    [
        51.277447,
        37.801298
    ],
    [
        51.277409,
        37.801291
    ],
    [
        51.277387,
        37.801361
    ],
    [
        51.276958,
        37.801761
    ],
    [
        51.276567,
        37.802139
    ],
    [
        51.276232,
        37.802471
    ],
    [
        51.275886,
        37.802821
    ],
    [
        51.275491,
        37.803213
    ],
    [
        51.275155,
        37.803546
    ],
    [
        51.275039,
        37.803698
    ],
    [
        51.275017,
        37.803819
    ],
    [
        51.275036,
        37.803897
    ],
    [
        51.275058,
        37.80397
    ],
    [
        51.275046,
        37.804086
    ],
    [
        51.275118,
        37.804122
    ],
    [
        51.275493,
        37.805111
    ],
    [
        51.275935,
        37.806311
    ],
    [
        51.276151,
        37.806904
    ],
    [
        51.276139,
        37.806974
    ],
    [
        51.276225,
        37.807062
    ],
    [
        51.276486,
        37.807813
    ],
    [
        51.276621,
        37.808152
    ],
    [
        51.276796,
        37.808418
    ],
    [
        51.277087,
        37.808833
    ],
    [
        51.277488,
        37.809352
    ],
    [
        51.277992,
        37.809968
    ],
    [
        51.278354,
        37.810404
    ],
    [
        51.278635,
        37.810743
    ],
    [
        51.278668,
        37.810902
    ],
    [
        51.278664,
        37.810982
    ],
    [
        51.278616,
        37.811067
    ],
    [
        51.278546,
        37.811094
    ],
    [
        51.278455,
        37.811082
    ],
    [
        51.278142,
        37.810874
    ],
    [
        51.277612,
        37.810527
    ],
    [
        51.277071,
        37.810175
    ],
    [
        51.276502,
        37.809805
    ],
    [
        51.276019,
        37.809486
    ],
    [
        51.275272,
        37.808998
    ],
    [
        51.274727,
        37.808634
    ],
    [
        51.274204,
        37.8083
    ],
    [
        51.273546,
        37.807868
    ],
    [
        51.27301,
        37.807507
    ],
    [
        51.27254,
        37.807187
    ],
    [
        51.272412,
        37.807046
    ],
    [
        51.272226,
        37.806747
    ],
    [
        51.272092,
        37.806432
    ],
    [
        51.272062,
        37.806188
    ],
    [
        51.271931,
        37.805973
    ],
    [
        51.271733,
        37.805934
    ],
    [
        51.271486,
        37.805646
    ],
    [
        51.2712,
        37.805184
    ],
    [
        51.270904,
        37.804619
    ],
    [
        51.270425,
        37.803723
    ],
    [
        51.269883,
        37.80272
    ],
    [
        51.269452,
        37.801943
    ],
    [
        51.268924,
        37.800968
    ],
    [
        51.268514,
        37.800221
    ],
    [
        51.266949,
        37.797363
    ],
    [
        51.266271,
        37.79611
    ],
    [
        51.265811,
        37.795527
    ],
    [
        51.264679,
        37.794217
    ],
    [
        51.262996,
        37.79237
    ],
    [
        51.261523,
        37.790709
    ],
    [
        51.259451,
        37.788404
    ],
    [
        51.258685,
        37.787523
    ],
    [
        51.258006,
        37.786499
    ],
    [
        51.256356,
        37.783381
    ],
    [
        51.255024,
        37.780805
    ],
    [
        51.253681,
        37.778176
    ],
    [
        51.252876,
        37.77651
    ],
    [
        51.252841,
        37.776489
    ],
    [
        51.252709,
        37.776546
    ],
    [
        51.252496,
        37.776657
    ],
    [
        51.252482,
        37.776656
    ],
    [
        51.251975,
        37.777308
    ],
    [
        51.251408,
        37.778026
    ],
    [
        51.250932,
        37.778641
    ],
    [
        51.250502,
        37.779189
    ],
    [
        51.250325,
        37.779413
    ],
    [
        51.250171,
        37.779505
    ],
    [
        51.250038,
        37.779616
    ],
    [
        51.249745,
        37.77988
    ],
    [
        51.249616,
        37.779982
    ],
    [
        51.249285,
        37.78007
    ],
    [
        51.248893,
        37.780054
    ],
    [
        51.248355,
        37.779822
    ],
    [
        51.247945,
        37.779635
    ],
    [
        51.24754,
        37.779453
    ],
    [
        51.247046,
        37.779239
    ],
    [
        51.246642,
        37.779061
    ],
    [
        51.246555,
        37.779021
    ],
    [
        51.246348,
        37.778981
    ],
    [
        51.246175,
        37.779018
    ],
    [
        51.245996,
        37.779082
    ],
    [
        51.245721,
        37.779308
    ],
    [
        51.245318,
        37.779683
    ],
    [
        51.244931,
        37.780036
    ],
    [
        51.244782,
        37.780171
    ],
    [
        51.244619,
        37.780382
    ],
    [
        51.244425,
        37.780751
    ],
    [
        51.244321,
        37.781094
    ],
    [
        51.244257,
        37.781319
    ],
    [
        51.24413,
        37.781973
    ],
    [
        51.243899,
        37.783205
    ],
    [
        51.243764,
        37.783925
    ],
    [
        51.243493,
        37.784035
    ],
    [
        51.243306,
        37.784297
    ],
    [
        51.243252,
        37.784977
    ],
    [
        51.243542,
        37.785108
    ],
    [
        51.243413,
        37.785804
    ],
    [
        51.243249,
        37.786702
    ],
    [
        51.243122,
        37.787372
    ],
    [
        51.243027,
        37.787947
    ],
    [
        51.242944,
        37.788495
    ],
    [
        51.242917,
        37.788644
    ],
    [
        51.243162,
        37.788768
    ],
    [
        51.243605,
        37.788961
    ],
    [
        51.244004,
        37.789139
    ],
    [
        51.243835,
        37.790054
    ],
    [
        51.243683,
        37.790852
    ],
    [
        51.243474,
        37.791951
    ],
    [
        51.243321,
        37.792861
    ],
    [
        51.24332,
        37.793199
    ],
    [
        51.24345,
        37.793629
    ],
    [
        51.243424,
        37.793641
    ],
    [
        51.243224,
        37.794735
    ]
]