[
    [
        51.243230402757945,
        37.79470738452804
    ],
    [
        51.2434419691094,
        37.79359695186744
    ],
    [
        51.243322963156345,
        37.793216749380065
    ],
    [
        51.243319185184674,
        37.792884826574635
    ],
    [
        51.24350098141406,
        37.791800986477085
    ],
    [
        51.24400388771363,
        37.7891467387436
    ],
    [
        51.24291472401697,
        37.78864867189287
    ],
    [
        51.24309929394073,
        37.78749113132153
    ],
    [
        51.243397754184144,
        37.78588583193218
    ],
    [
        51.24385488457585,
        37.78341452048247
    ],
    [
        51.24425155667606,
        37.781359664820286
    ],
    [
        51.24443667268298,
        37.78073504980793
    ],
    [
        51.2446276394825,
        37.78037597348313
    ],
    [
        51.24480876384379,
        37.780151143860365
    ],
    [
        51.245569994239816,
        37.77945410596729
    ],
    [
        51.246017711033545,
        37.77907039634974
    ],
    [
        51.24634448399905,
        37.77897685658459
    ],
    [
        51.24658605230965,
        37.77903206893515
    ],
    [
        51.246972378712314,
        37.77920240257819
    ],
    [
        51.24802118148904,
        37.77966424037331
    ],
    [
        51.24882351977391,
        37.78002432534444
    ],
    [
        51.2492146693933,
        37.78007204393029
    ],
    [
        51.24949934629623,
        37.780013082554035
    ],
    [
        51.24983176195437,
        37.779925575632035
    ],
    [
        51.250177943133764,
        37.77961195213095
    ],
    [
        51.25033784298776,
        37.7793975688445
    ],
    [
        51.25097621190537,
        37.77857908307951
    ],
    [
        51.25219529992026,
        37.777025550554555
    ],
    [
        51.252491303090835,
        37.776655359446835
    ],
    [
        51.252852026045815,
        37.776486380563654
    ],
    [
        51.25328622806495,
        37.777415728663925
    ],
    [
        51.2533126681308,
        37.77750927062095
    ],
    [
        51.25333344245675,
        37.77754849786106
    ],
    [
        51.25341465109628,
        37.77762695234324
    ],
    [
        51.25424182440122,
        37.77925485229704
    ],
    [
        51.25510382385585,
        37.7809681331257
    ],
    [
        51.25617421982807,
        37.78304441253792
    ],
    [
        51.2580028819346,
        37.78649660914755
    ],
    [
        51.25868180284607,
        37.78752315055226
    ],
    [
        51.26144118464529,
        37.79066110098216
    ],
    [
        51.266023721301224,
        37.795732149063014
    ],
    [
        51.26652511527374,
        37.79657814179316
    ],
    [
        51.2693919362211,
        37.801844392502915
    ],
    [
        51.27141347820816,
        37.80556490575728
    ],
    [
        51.2715667390805,
        37.80629981608067
    ],
    [
        51.27163972026875,
        37.80674309532364
    ],
    [
        51.2718002784749,
        37.80684808251317
    ],
    [
        51.271902606976454,
        37.80679313243513
    ],
    [
        51.271958599367906,
        37.80676546931198
    ],
    [
        51.272266261599384,
        37.806966762160556
    ],
    [
        51.27292169942427,
        37.807497353565736
    ],
    [
        51.27365286999094,
        37.807978645031255
    ],
    [
        51.27427309807709,
        37.8083775754028
    ],
    [
        51.27499400723258,
        37.80884803153464
    ],
    [
        51.2758503947787,
        37.80940094587962
    ],
    [
        51.27639230473196,
        37.80976055800579
    ],
    [
        51.27695289660673,
        37.810133969576015
    ],
    [
        51.27747660528661,
        37.810478619078594
    ],
    [
        51.277991473909,
        37.81080732202997
    ],
    [
        51.27832331133868,
        37.811043271930544
    ],
    [
        51.278709330658586,
        37.811289438850395
    ],
    [
        51.279048659127255,
        37.811545239262415
    ],
    [
        51.27958076760791,
        37.812219324319585
    ],
    [
        51.27991802748156,
        37.812638561639034
    ],
    [
        51.27997909943116,
        37.8127182965236
    ],
    [
        51.27999742100005,
        37.812798031408136
    ],
    [
        51.28003406411631,
        37.81286800283675
    ],
    [
        51.28011345743394,
        37.812864748351785
    ],
    [
        51.28085223257119,
        37.81377619317604
    ],
    [
        51.281329693376534,
        37.81436617350053
    ],
    [
        51.281873436316715,
        37.8150604730815
    ],
    [
        51.28222654356682,
        37.815476697281696
    ],
    [
        51.28230659473422,
        37.81558898548184
    ],
    [
        51.28230779660703,
        37.8156248536643
    ],
    [
        51.28233063218599,
        37.81565175480159
    ],
    [
        51.28237389956726,
        37.81564919278867
    ],
    [
        51.28269074014452,
        37.8159873258156
    ],
    [
        51.28308576880883,
        37.81640170734582
    ],
    [
        51.283771493650676,
        37.817255848938856
    ],
    [
        51.28435125907026,
        37.81799725083769
    ],
    [
        51.284952512101256,
        37.818736236333564
    ],
    [
        51.28545349652157,
        37.819415724555085
    ],
    [
        51.286017199556255,
        37.820167366687144
    ],
    [
        51.2861116834585,
        37.82030367238556
    ],
    [
        51.28610166867949,
        37.82034402409141
    ],
    [
        51.286129309464854,
        37.82036772270965
    ],
    [
        51.286190425229165,
        37.820386937807
    ],
    [
        51.286529683075116,
        37.820822784228625
    ],
    [
        51.28688145233758,
        37.821308928424486
    ],
    [
        51.2869178590972,
        37.821814767123385
    ],
    [
        51.28696496130348,
        37.822316443858824
    ],
    [
        51.28705911648572,
        37.822406772196814
    ],
    [
        51.287185911631866,
        37.8224429022564
    ],
    [
        51.28754997551388,
        37.82227428935715
    ],
    [
        51.28770687485837,
        37.82223599193449
    ],
    [
        51.288158810669984,
        37.82274985981874
    ],
    [
        51.28868606423808,
        37.8233420101449
    ],
    [
        51.28921543512172,
        37.8239488779011
    ],
    [
        51.28966263096865,
        37.82445983280698
    ],
    [
        51.28967769607638,
        37.824516317508966
    ],
    [
        51.289697965423926,
        37.8245264196662
    ],
    [
        51.289728764285826,
        37.8245226313567
    ],
    [
        51.29029514835207,
        37.82510692193449
    ],
    [
        51.29079579964451,
        37.825633253401804
    ],
    [
        51.291314519228564,
        37.82621518725861
    ],
    [
        51.29176074087445,
        37.82679005537122
    ],
    [
        51.29241922661842,
        37.827618527366496
    ],
    [
        51.293014275109925,
        37.828371008543655
    ],
    [
        51.29359555893231,
        37.8291510290409
    ],
    [
        51.29423506934293,
        37.83001527058056
    ],
    [
        51.2946568755836,
        37.83069351122691
    ],
    [
        51.295009353104035,
        37.83141541419644
    ],
    [
        51.295290611527264,
        37.83204394992822
    ],
    [
        51.295807175925574,
        37.83319193522891
    ],
    [
        51.29631212321766,
        37.83434596732573
    ],
    [
        51.29658563120648,
        37.83499522385168
    ],
    [
        51.29664884361992,
        37.835039177399494
    ],
    [
        51.29662135997245,
        37.83513294496785
    ],
    [
        51.29649401885854,
        37.835239898599895
    ],
    [
        51.29636392901,
        37.83541424767287
    ],
    [
        51.29608112495379,
        37.83570929237058
    ],
    [
        51.295969949821995,
        37.835822166013685
    ],
    [
        51.29592780759933,
        37.83578993341243
    ],
    [
        51.295885665338005,
        37.8358485381421
    ],
    [
        51.29585909737068,
        37.835965747602586
    ],
    [
        51.29576015446142,
        37.8361020036005
    ],
    [
        51.295521240862655,
        37.836367500065336
    ],
    [
        51.295306274551706,
        37.8366144916765
    ],
    [
        51.295197252798346,
        37.83673023601875
    ],
    [
        51.29510429047883,
        37.836823873467154
    ],
    [
        51.295112535847494,
        37.836902989852604
    ],
    [
        51.295341573266626,
        37.8374055254138
    ],
    [
        51.2955804283815,
        37.837936808768745
    ],
    [
        51.29583500117187,
        37.83850561959551
    ],
    [
        51.29618343782687,
        37.83927398597788
    ],
    [
        51.296543350988884,
        37.84009765523484
    ],
    [
        51.29690729573258,
        37.84090135172144
    ],
    [
        51.29723526428734,
        37.84165149046714
    ],
    [
        51.297648325238356,
        37.84256911762273
    ],
    [
        51.2980153831615,
        37.84340101442422
    ],
    [
        51.29831105595434,
        37.84403930716445
    ],
    [
        51.298628844739824,
        37.84472320539203
    ],
    [
        51.298893591835366,
        37.845271158699944
    ],
    [
        51.29917256106663,
        37.84590564398681
    ],
    [
        51.29950183208143,
        37.8466498155141
    ],
    [
        51.29965752389785,
        37.847028074417665
    ],
    [
        51.29966445880649,
        37.8470970930195
    ],
    [
        51.29967807488248,
        37.84714961428591
    ],
    [
        51.29972693253393,
        37.84716690787394
    ],
    [
        51.30001345151027,
        37.847796578176485
    ],
    [
        51.30040475425844,
        37.848661106905155
    ],
    [
        51.30100405810944,
        37.84996232911104
    ],
    [
        51.301457853294835,
        37.850956356403685
    ],
    [
        51.30178708097549,
        37.85166107706567
    ],
    [
        51.30202662246711,
        37.85215762965791
    ],
    [
        51.302200803117586,
        37.852412107308055
    ],
    [
        51.30251173579444,
        37.85272533766209
    ],
    [
        51.302554380209614,
        37.85282281126183
    ],
    [
        51.30257283414733,
        37.85285373329768
    ],
    [
        51.302620726473634,
        37.85285232775064
    ],
    [
        51.302718707866774,
        37.85294579663349
    ],
    [
        51.302956510114484,
        37.853229135084206
    ],
    [
        51.30334652709496,
        37.85377045996009
    ],
    [
        51.3037630726308,
        37.8543244687356
    ],
    [
        51.3041404145506,
        37.854854214373034
    ],
    [
        51.30451952506442,
        37.855518636731944
    ],
    [
        51.30494935779575,
        37.85628223088571
    ],
    [
        51.30539030512986,
        37.85739813277428
    ],
    [
        51.305620416578535,
        37.857950695160525
    ],
    [
        51.30562222630326,
        37.85800859097006
    ],
    [
        51.30564665758149,
        37.85806503938349
    ],
    [
        51.305708188149794,
        37.858105566450064
    ],
    [
        51.30599197189406,
        37.858737503111115
    ],
    [
        51.306396198047764,
        37.859556536035
    ],
    [
        51.30665077177443,
        37.86009601539715
    ],
    [
        51.30685846760434,
        37.86088711541308
    ],
    [
        51.306859996955495,
        37.86134614036891
    ],
    [
        51.30688151164313,
        37.86255330227203
    ],
    [
        51.30689896510569,
        37.86359942859076
    ],
    [
        51.3069071891465,
        37.86420683777021
    ],
    [
        51.306914427842656,
        37.86464105633851
    ],
    [
        51.306922571626984,
        37.86482697153119
    ],
    [
        51.30690176037666,
        37.864861709017106
    ],
    [
        51.30690176037666,
        37.86493697356872
    ],
    [
        51.30693885868553,
        37.865039738630315
    ],
    [
        51.30693704901273,
        37.86529737498057
    ],
    [
        51.306985087341474,
        37.866574217411994
    ],
    [
        51.3070031843898,
        37.86709093802071
    ],
    [
        51.3070031843898,
        37.86725159889096
    ],
    [
        51.30690908143626,
        37.8676814752728
    ],
    [
        51.30678271303921,
        37.868256497172496
    ],
    [
        51.306737471040975,
        37.86874282196874
    ],
    [
        51.30656736073087,
        37.869549021109265
    ],
    [
        51.30649768934936,
        37.870406198131775
    ],
    [
        51.306511885732704,
        37.87113337759183
    ],
    [
        51.306546292822986,
        37.87210323366807
    ],
    [
        51.30657504012865,
        37.87287514429181
    ],
    [
        51.3066175278951,
        37.87407191602878
    ],
    [
        51.30662748116464,
        37.87437876381668
    ],
    [
        51.30665372477981,
        37.875140731787184
    ],
    [
        51.30663887468722,
        37.87532839128349
    ],
    [
        51.30660991699236,
        37.87538896491736
    ],
    [
        51.30661214450788,
        37.87548279466628
    ],
    [
        51.30665223977081,
        37.875531491117414
    ],
    [
        51.30667719827699,
        37.87658811570708
    ],
    [
        51.306689078784444,
        37.877806470300555
    ],
    [
        51.30671729420001,
        37.87911184767347
    ],
    [
        51.30673359278725,
        37.88046091065763
    ],
    [
        51.306734219503625,
        37.88132997397318
    ],
    [
        51.306685307483974,
        37.88171434786227
    ],
    [
        51.30657615926569,
        37.882043345838696
    ],
    [
        51.30637220493267,
        37.88253342139052
    ],
    [
        51.30616989165978,
        37.883026100218416
    ],
    [
        51.305967587350096,
        37.88348812803929
    ],
    [
        51.30592526394025,
        37.88348456488447
    ],
    [
        51.30590670100884,
        37.88351782104451
    ],
    [
        51.30590685757687,
        37.88362730932377
    ],
    [
        51.30571974351653,
        37.884117838421616
    ],
    [
        51.30548520051357,
        37.884647604687586
    ],
    [
        51.305356327665066,
        37.88492143274544
    ],
    [
        51.30491638493757,
        37.88592211258023
    ],
    [
        51.30468065320568,
        37.88662411100751
    ],
    [
        51.30450621908233,
        37.886860971986266
    ],
    [
        51.3042536857553,
        37.887147393076106
    ],
    [
        51.304066491998356,
        37.887366522126
    ],
    [
        51.30371202325125,
        37.88775437160396
    ],
    [
        51.30337383805767,
        37.88810416099648
    ],
    [
        51.30310285557056,
        37.88842726840531
    ],
    [
        51.30288637632671,
        37.88866753314562
    ],
    [
        51.30260461409145,
        37.888980892457056
    ],
    [
        51.30237977999849,
        37.88922208184553
    ],
    [
        51.30231062664572,
        37.88929541980775
    ],
    [
        51.302258761563024,
        37.889282194929876
    ],
    [
        51.30222192980008,
        37.8893086446854
    ],
    [
        51.30220764808894,
        37.88940843240496
    ],
    [
        51.30210542097325,
        37.88954068118835
    ],
    [
        51.30189089962553,
        37.8897894330691
    ],
    [
        51.301649921830204,
        37.89004478512584
    ],
    [
        51.301315076751706,
        37.89041215262526
    ],
    [
        51.30095746956951,
        37.89081233393287
    ],
    [
        51.30063850529777,
        37.8911303394531
    ],
    [
        51.300332564990725,
        37.89145494984825
    ],
    [
        51.30013954741082,
        37.89147722466339
    ],
    [
        51.30000123385119,
        37.891319728384246
    ],
    [
        51.29980419766335,
        37.89082807959261
    ],
    [
        51.29949828855217,
        37.890127868035734
    ],
    [
        51.299309219961316,
        37.89012481360743
    ],
    [
        51.29926529482364,
        37.890204228746086
    ],
    [
        51.299225189226576,
        37.89039665773669
    ],
    [
        51.29932258847322,
        37.890674610723494
    ],
    [
        51.299645341362094,
        37.89142294568575
    ],
    [
        51.30014187983704,
        37.89254086648768
    ],
    [
        51.30058171931654,
        37.89353018201385
    ],
    [
        51.30097130354949,
        37.894189938552586
    ],
    [
        51.301121244773185,
        37.89439106547454
    ],
    [
        51.30120208444717,
        37.894486394288606
    ],
    [
        51.30129799573942,
        37.89462555244205
    ],
    [
        51.30135828274314,
        37.89477895516518
    ],
    [
        51.30159041664896,
        37.89532050407908
    ],
    [
        51.30183776270678,
        37.89587050310797
    ],
    [
        51.3020337196931,
        37.89633856983414
    ],
    [
        51.30211455775961,
        37.896533610396176
    ],
    [
        51.302167307946746,
        37.896670577082716
    ],
    [
        51.30214992329397,
        37.89672250384484
    ],
    [
        51.30217801104203,
        37.89676852465249
    ],
    [
        51.30225542352636,
        37.896852896130696
    ],
    [
        51.302452706273954,
        37.89727878403687
    ],
    [
        51.30268236132531,
        37.89780617419555
    ],
    [
        51.30292090231356,
        37.8983127707518
    ],
    [
        51.3031495522373,
        37.89883898108249
    ],
    [
        51.30342605288831,
        37.89945052279734
    ],
    [
        51.303580110760095,
        37.89984225002718
    ],
    [
        51.303755026166584,
        37.900284225038035
    ],
    [
        51.304008754487086,
        37.90084098820756
    ],
    [
        51.30421490383253,
        37.90130861908679
    ],
    [
        51.304381821676,
        37.90171015148269
    ],
    [
        51.30456973607829,
        37.90216448495633
    ],
    [
        51.30487638638064,
        37.90284659485704
    ],
    [
        51.305062143642175,
        37.903300046779464
    ],
    [
        51.30523010903076,
        37.90366482304876
    ],
    [
        51.30541471948385,
        37.904093237437195
    ],
    [
        51.30556529017875,
        37.90444782660029
    ],
    [
        51.30582374740857,
        37.90506260410763
    ],
    [
        51.30618510965607,
        37.905820096637285
    ],
    [
        51.306408972415,
        37.906375853824386
    ],
    [
        51.306662674479725,
        37.906932883207816
    ],
    [
        51.306955950555846,
        37.907622314007995
    ],
    [
        51.30722982705947,
        37.90824695304812
    ],
    [
        51.307570262645044,
        37.90896340501379
    ],
    [
        51.30767695434474,
        37.90926857857664
    ],
    [
        51.307662982113754,
        37.909384395470255
    ],
    [
        51.30771887100468,
        37.90949818040275
    ],
    [
        51.30781794661314,
        37.909579455416036
    ],
    [
        51.30809333507369,
        37.91032864072838
    ],
    [
        51.30832019814764,
        37.91099691561985
    ],
    [
        51.30834433165299,
        37.911263091285946
    ],
    [
        51.3084192724574,
        37.91142360943593
    ],
    [
        51.30854120977614,
        37.91150691632447
    ],
    [
        51.30863139237644,
        37.911441896314386
    ],
    [
        51.308707602886585,
        37.9113342069231
    ],
    [
        51.308776192236934,
        37.91122245378
    ],
    [
        51.308833349951044,
        37.91102332999921
    ],
    [
        51.30902133481942,
        37.910803887464795
    ],
    [
        51.309204238377816,
        37.910566156797756
    ],
    [
        51.30941000389569,
        37.91031014050779
    ],
    [
        51.30963161160551,
        37.91006255158629
    ],
    [
        51.30984118563478,
        37.90984920467892
    ],
    [
        51.31010832332254,
        37.909527542606554
    ],
    [
        51.31022136520227,
        37.90948893750999
    ],
    [
        51.31025946915284,
        37.909409694373295
    ],
    [
        51.31033440682961,
        37.90925120809848
    ],
    [
        51.31067853817177,
        37.90891064865633
    ],
    [
        51.31096169586306,
        37.90858429022566
    ],
    [
        51.31132116676656,
        37.90817621746427
    ],
    [
        51.31168949466621,
        37.907794226550465
    ],
    [
        51.31188635847664,
        37.907591039366
    ],
    [
        51.31201483988653,
        37.90751384213456
    ],
    [
        51.31207580380911,
        37.907461013375894
    ],
    [
        51.312101205419395,
        37.907322845854736
    ],
    [
        51.312439751997516,
        37.906942770859615
    ],
    [
        51.312750207892094,
        37.90661376922401
    ],
    [
        51.31305015485884,
        37.90625304774662
    ],
    [
        51.3133168649228,
        37.905942174128825
    ],
    [
        51.31372364038273,
        37.90550346488638
    ],
    [
        51.31390839158303,
        37.90535872546542
    ],
    [
        51.31399348352437,
        37.905360757340674
    ],
    [
        51.314063051452706,
        37.905346674817366
    ],
    [
        51.31412376104919,
        37.905296715045296
    ],
    [
        51.31416825183024,
        37.90512345625663
    ],
    [
        51.31414201120481,
        37.90490623304933
    ],
    [
        51.3140261998669,
        37.90480399031398
    ],
    [
        51.31402698894544,
        37.90480456581804
    ],
    [
        51.31398192838989,
        37.904783113510064
    ],
    [
        51.31392614163414,
        37.90474644404998
    ],
    [
        51.313859000155844,
        37.904676689096874
    ],
    [
        51.31370406943202,
        37.90434599150393
    ],
    [
        51.313593173484946,
        37.90405335705353
    ],
    [
        51.31361228540911,
        37.90404197983611
    ],
    [
        51.313594951338644,
        37.903980827289786
    ],
    [
        51.3135629499599,
        37.903977982985396
    ],
    [
        51.3135260594548,
        37.90391825259118
    ],
    [
        51.31342986903607,
        37.90370856238059
    ],
    [
        51.31334986526039,
        37.90351870505663
    ],
    [
        51.31321486057496,
        37.90319599876497
    ],
    [
        51.31301435847442,
        37.902750678707946
    ],
    [
        51.31281174432988,
        37.90231594308588
    ],
    [
        51.31262029396737,
        37.90185230409361
    ],
    [
        51.31240953217625,
        37.90137596059344
    ],
    [
        51.312165976003456,
        37.90082473410055
    ],
    [
        51.31199948382567,
        37.90042124708458
    ],
    [
        51.3118305183915,
        37.90003753877613
    ],
    [
        51.31166897036101,
        37.899640645144785
    ],
    [
        51.311542852198954,
        37.89933162382562
    ],
    [
        51.31141934057007,
        37.899074858296956
    ],
    [
        51.31144901286285,
        37.89902607064329
    ],
    [
        51.31141934057007,
        37.898941681187836
    ],
    [
        51.31136494131664,
        37.898942999773
    ],
    [
        51.31126768188412,
        37.898746530571316
    ],
    [
        51.31111337452148,
        37.89835230962575
    ],
    [
        51.31080655969507,
        37.89760819653188
    ],
    [
        51.31095821990513,
        37.897420957428295
    ],
    [
        51.31137325332969,
        37.89696408126963
    ],
    [
        51.31158567272524,
        37.89675782371933
    ],
    [
        51.31161616913806,
        37.8968052927878
    ],
    [
        51.31165820470031,
        37.896755186548944
    ],
    [
        51.31172084585907,
        37.89656003593254
    ],
    [
        51.312219000465944,
        37.896014302754566
    ],
    [
        51.31271035316536,
        37.89547422410919
    ],
    [
        51.313238349895926,
        37.89488012452023
    ],
    [
        51.31365480592976,
        37.89442633730931
    ],
    [
        51.31410079754585,
        37.893935232601194
    ],
    [
        51.31451125922189,
        37.89347648843611
    ],
    [
        51.31493947446003,
        37.89300491821291
    ],
    [
        51.315258983879346,
        37.89266639825709
    ],
    [
        51.31530596106958,
        37.89270068147195
    ],
    [
        51.315332334207824,
        37.89266639825709
    ],
    [
        51.31540403610049,
        37.89249102641844
    ],
    [
        51.31566646479078,
        37.89216760311231
    ],
    [
        51.31602679028035,
        37.891809721772745
    ],
    [
        51.31631698987184,
        37.891453830452406
    ],
    [
        51.31656585007019,
        37.89119711758943
    ],
    [
        51.31732328092835,
        37.890368636446624
    ],
    [
        51.317637799973966,
        37.89001409027108
    ],
    [
        51.317733108349955,
        37.889987403999584
    ],
    [
        51.317783145167965,
        37.88993403145656
    ],
    [
        51.317866539743676,
        37.889743415233056
    ],
    [
        51.3184275574973,
        37.88912956002869
    ],
    [
        51.31918524042186,
        37.88826416272306
    ],
    [
        51.31966709841038,
        37.88775702030921
    ],
    [
        51.320248143162814,
        37.88709892196076
    ],
    [
        51.320701421844774,
        37.88660522895324
    ],
    [
        51.32112345451978,
        37.88613947878804
    ],
    [
        51.32146763684656,
        37.88575715360409
    ],
    [
        51.32152055869696,
        37.8857749813416
    ],
    [
        51.32154284156303,
        37.885748239733886
    ],
    [
        51.32159158529461,
        37.88560561782779
    ],
    [
        51.322099455835314,
        37.88507137223468
    ],
    [
        51.322566129916936,
        37.884515091206396
    ],
    [
        51.32304936692691,
        37.88398947007221
    ],
    [
        51.32327701590026,
        37.883734528789944
    ],
    [
        51.32339559579256,
        37.883596663063486
    ],
    [
        51.323584581862406,
        37.88342470151258
    ],
    [
        51.323911251385994,
        37.88304173629692
    ],
    [
        51.32426300375607,
        37.88271024131765
    ],
    [
        51.32455683554278,
        37.88237747372341
    ],
    [
        51.324621682150166,
        37.88239081556736
    ],
    [
        51.32465317904044,
        37.88233151848121
    ]
]