[
    [
        51.243228,
        37.794705
    ],
    [
        51.243435,
        37.793605
    ],
    [
        51.243324,
        37.793205
    ],
    [
        51.243312,
        37.792879
    ],
    [
        51.243471,
        37.791969
    ],
    [
        51.243886,
        37.789777
    ],
    [
        51.244,
        37.789143
    ],
    [
        51.242921,
        37.788654
    ],
    [
        51.243111,
        37.787431
    ],
    [
        51.243452,
        37.785592
    ],
    [
        51.243762,
        37.783937
    ],
    [
        51.243216,
        37.784144
    ],
    [
        51.243104,
        37.784881
    ],
    [
        51.243539,
        37.785115
    ],
    [
        51.243907,
        37.783156
    ],
    [
        51.244256,
        37.78131
    ],
    [
        51.244439,
        37.780725
    ],
    [
        51.244621,
        37.780382
    ],
    [
        51.244807,
        37.780143
    ],
    [
        51.245211,
        37.779778
    ],
    [
        51.245786,
        37.779245
    ],
    [
        51.246014,
        37.779073
    ],
    [
        51.246202,
        37.779009
    ],
    [
        51.246364,
        37.778978
    ],
    [
        51.246554,
        37.779024
    ],
    [
        51.247325,
        37.779362
    ],
    [
        51.248168,
        37.779734
    ],
    [
        51.248902,
        37.780057
    ],
    [
        51.249307,
        37.78007
    ],
    [
        51.249843,
        37.779928
    ],
    [
        51.250146,
        37.779641
    ],
    [
        51.250346,
        37.779392
    ],
    [
        51.251132,
        37.778377
    ],
    [
        51.251742,
        37.7776
    ],
    [
        51.252481,
        37.776661
    ],
    [
        51.252847,
        37.776482
    ],
    [
        51.253455,
        37.77773
    ],
    [
        51.254437,
        37.77967
    ],
    [
        51.255294,
        37.781324
    ],
    [
        51.256199,
        37.783129
    ],
    [
        51.257039,
        37.784677
    ],
    [
        51.258039,
        37.786554
    ],
    [
        51.258676,
        37.787529
    ],
    [
        51.259648,
        37.788628
    ],
    [
        51.260724,
        37.789845
    ],
    [
        51.261805,
        37.791039
    ],
    [
        51.263042,
        37.792427
    ],
    [
        51.264266,
        37.793811
    ],
    [
        51.265397,
        37.795069
    ],
    [
        51.266361,
        37.796245
    ],
    [
        51.267135,
        37.797725
    ],
    [
        51.267981,
        37.799277
    ],
    [
        51.268689,
        37.800559
    ],
    [
        51.269552,
        37.802163
    ],
    [
        51.270792,
        37.804397
    ],
    [
        51.271439,
        37.805634
    ],
    [
        51.271559,
        37.806231
    ],
    [
        51.271536,
        37.806487
    ],
    [
        51.27166,
        37.806757
    ],
    [
        51.271812,
        37.806822
    ],
    [
        51.271944,
        37.806746
    ],
    [
        51.272155,
        37.806879
    ],
    [
        51.272425,
        37.807082
    ],
    [
        51.27258,
        37.807264
    ],
    [
        51.272931,
        37.807497
    ],
    [
        51.273526,
        37.807891
    ],
    [
        51.273695,
        37.808003
    ],
    [
        51.274461,
        37.808491
    ],
    [
        51.275309,
        37.809051
    ],
    [
        51.276108,
        37.809585
    ],
    [
        51.276896,
        37.810099
    ],
    [
        51.27757,
        37.810532
    ],
    [
        51.278273,
        37.811009
    ],
    [
        51.278746,
        37.811292
    ],
    [
        51.278945,
        37.811494
    ],
    [
        51.279072,
        37.811501
    ],
    [
        51.279104,
        37.811395
    ],
    [
        51.279081,
        37.811229
    ],
    [
        51.278877,
        37.811013
    ],
    [
        51.278676,
        37.810775
    ],
    [
        51.277997,
        37.809931
    ],
    [
        51.277491,
        37.809333
    ],
    [
        51.276985,
        37.808656
    ],
    [
        51.276708,
        37.808253
    ],
    [
        51.276594,
        37.808043
    ],
    [
        51.276383,
        37.80741
    ],
    [
        51.276391,
        37.807362
    ],
    [
        51.276341,
        37.807296
    ],
    [
        51.276124,
        37.806709
    ],
    [
        51.275893,
        37.806091
    ],
    [
        51.275659,
        37.805461
    ],
    [
        51.275429,
        37.804863
    ],
    [
        51.275181,
        37.80422
    ],
    [
        51.275046,
        37.803861
    ],
    [
        51.275045,
        37.803773
    ],
    [
        51.27507,
        37.803698
    ],
    [
        51.27515,
        37.80362
    ],
    [
        51.275331,
        37.803433
    ],
    [
        51.275517,
        37.803232
    ],
    [
        51.275547,
        37.803252
    ],
    [
        51.275577,
        37.803179
    ],
    [
        51.275758,
        37.803
    ],
    [
        51.276062,
        37.802685
    ],
    [
        51.276457,
        37.802301
    ],
    [
        51.276803,
        37.801955
    ],
    [
        51.277026,
        37.801742
    ],
    [
        51.277357,
        37.801432
    ],
    [
        51.277648,
        37.80116
    ],
    [
        51.277749,
        37.801057
    ],
    [
        51.277779,
        37.801074
    ],
    [
        51.277817,
        37.801001
    ],
    [
        51.2781,
        37.800725
    ],
    [
        51.278403,
        37.800436
    ],
    [
        51.278738,
        37.800115
    ],
    [
        51.278979,
        37.799884
    ],
    [
        51.279259,
        37.799605
    ],
    [
        51.279716,
        37.799157
    ],
    [
        51.280169,
        37.798724
    ],
    [
        51.280597,
        37.798334
    ],
    [
        51.281026,
        37.797912
    ],
    [
        51.281431,
        37.797517
    ],
    [
        51.282045,
        37.796922
    ],
    [
        51.282574,
        37.796426
    ],
    [
        51.282709,
        37.796322
    ],
    [
        51.282738,
        37.796359
    ]
]