[
    [
        51.2579,
        37.7526
    ],
    [
        51.257884,
        37.752934
    ],
    [
        51.258253,
        37.752743
    ],
    [
        51.258305,
        37.753009
    ],
    [
        51.258464,
        37.753842
    ],
    [
        51.259281,
        37.75418
    ],
    [
        51.260064,
        37.754503
    ],
    [
        51.261102,
        37.754927
    ],
    [
        51.26195,
        37.755275
    ],
    [
        51.262826,
        37.755635
    ],
    [
        51.263454,
        37.755906
    ],
    [
        51.264149,
        37.75621
    ],
    [
        51.264803,
        37.756485
    ],
    [
        51.2651,
        37.756824
    ],
    [
        51.265202,
        37.75766
    ],
    [
        51.265216,
        37.757871
    ],
    [
        51.265298,
        37.758109
    ],
    [
        51.265517,
        37.75831
    ],
    [
        51.265966,
        37.758396
    ],
    [
        51.266352,
        37.758252
    ],
    [
        51.266624,
        37.758132
    ],
    [
        51.267814,
        37.757804
    ],
    [
        51.269226,
        37.757449
    ],
    [
        51.270382,
        37.757175
    ],
    [
        51.27109,
        37.757002
    ],
    [
        51.272013,
        37.756792
    ],
    [
        51.273088,
        37.756564
    ],
    [
        51.274117,
        37.756334
    ],
    [
        51.275385,
        37.756062
    ],
    [
        51.276718,
        37.755785
    ],
    [
        51.28155,
        37.754788
    ],
    [
        51.281913,
        37.75798
    ],
    [
        51.282095,
        37.760247
    ],
    [
        51.282138,
        37.762776
    ],
    [
        51.282423,
        37.766465
    ],
    [
        51.282665,
        37.7701
    ],
    [
        51.283072,
        37.774564
    ],
    [
        51.283739,
        37.780836
    ],
    [
        51.284214,
        37.785023
    ],
    [
        51.284434,
        37.787046
    ],
    [
        51.284421,
        37.787626
    ],
    [
        51.284303,
        37.787899
    ],
    [
        51.284309,
        37.788181
    ],
    [
        51.284474,
        37.78846
    ],
    [
        51.284598,
        37.788762
    ],
    [
        51.284701,
        37.789283
    ],
    [
        51.284913,
        37.790984
    ],
    [
        51.285074,
        37.792401
    ],
    [
        51.285102,
        37.792973
    ],
    [
        51.285175,
        37.793274
    ],
    [
        51.285328,
        37.794619
    ],
    [
        51.285505,
        37.796105
    ],
    [
        51.285684,
        37.797591
    ],
    [
        51.285847,
        37.799005
    ],
    [
        51.286083,
        37.800973
    ],
    [
        51.286201,
        37.801996
    ],
    [
        51.28618,
        37.802072
    ],
    [
        51.28623,
        37.802265
    ],
    [
        51.286394,
        37.803617
    ],
    [
        51.286547,
        37.804901
    ],
    [
        51.286691,
        37.80602
    ],
    [
        51.286802,
        37.806995
    ],
    [
        51.286931,
        37.808029
    ],
    [
        51.286972,
        37.808413
    ],
    [
        51.286939,
        37.808513
    ],
    [
        51.287012,
        37.808737
    ],
    [
        51.287183,
        37.810172
    ],
    [
        51.287324,
        37.811417
    ],
    [
        51.287435,
        37.81245
    ],
    [
        51.287402,
        37.812527
    ],
    [
        51.287463,
        37.812696
    ],
    [
        51.287598,
        37.813771
    ],
    [
        51.28774,
        37.815026
    ],
    [
        51.287834,
        37.815945
    ],
    [
        51.287849,
        37.816589
    ],
    [
        51.287834,
        37.81723
    ],
    [
        51.287725,
        37.817923
    ],
    [
        51.287558,
        37.818869
    ],
    [
        51.287457,
        37.819376
    ],
    [
        51.287379,
        37.819503
    ],
    [
        51.287408,
        37.819665
    ],
    [
        51.287231,
        37.820203
    ],
    [
        51.287084,
        37.820548
    ],
    [
        51.286961,
        37.820841
    ],
    [
        51.286899,
        37.821165
    ],
    [
        51.286901,
        37.821555
    ],
    [
        51.286929,
        37.822201
    ],
    [
        51.286981,
        37.822375
    ],
    [
        51.287091,
        37.822451
    ],
    [
        51.287197,
        37.822449
    ],
    [
        51.287666,
        37.82223
    ],
    [
        51.288469,
        37.823099
    ],
    [
        51.289122,
        37.82384
    ],
    [
        51.289666,
        37.824449
    ],
    [
        51.289686,
        37.824527
    ],
    [
        51.289827,
        37.824601
    ],
    [
        51.290568,
        37.825407
    ],
    [
        51.29127,
        37.826176
    ],
    [
        51.291619,
        37.826621
    ],
    [
        51.292375,
        37.827569
    ],
    [
        51.293012,
        37.82839
    ],
    [
        51.293747,
        37.829352
    ],
    [
        51.294223,
        37.83
    ],
    [
        51.294691,
        37.83074
    ],
    [
        51.295084,
        37.831581
    ],
    [
        51.295347,
        37.832188
    ],
    [
        51.295896,
        37.833411
    ],
    [
        51.296474,
        37.834713
    ],
    [
        51.296578,
        37.834971
    ],
    [
        51.296656,
        37.835041
    ],
    [
        51.296661,
        37.835094
    ],
    [
        51.296227,
        37.835548
    ],
    [
        51.296001,
        37.835798
    ],
    [
        51.295929,
        37.835783
    ],
    [
        51.295897,
        37.835898
    ],
    [
        51.295264,
        37.836622
    ],
    [
        51.295077,
        37.836819
    ],
    [
        51.295555,
        37.837891
    ],
    [
        51.296299,
        37.839534
    ],
    [
        51.29703,
        37.841191
    ],
    [
        51.297519,
        37.842316
    ],
    [
        51.298053,
        37.843488
    ],
    [
        51.298459,
        37.844379
    ],
    [
        51.298806,
        37.845088
    ],
    [
        51.299365,
        37.846325
    ],
    [
        51.299666,
        37.847053
    ],
    [
        51.299662,
        37.847106
    ],
    [
        51.29972,
        37.847163
    ],
    [
        51.300142,
        37.848057
    ],
    [
        51.300593,
        37.849056
    ],
    [
        51.301461,
        37.85095
    ],
    [
        51.302038,
        37.852215
    ],
    [
        51.302421,
        37.852626
    ],
    [
        51.30255,
        37.852803
    ],
    [
        51.302565,
        37.85285
    ],
    [
        51.302643,
        37.852886
    ],
    [
        51.303012,
        37.853287
    ],
    [
        51.30347,
        37.853923
    ],
    [
        51.304088,
        37.854776
    ],
    [
        51.304597,
        37.855686
    ],
    [
        51.304936,
        37.856281
    ],
    [
        51.305227,
        37.857026
    ],
    [
        51.305633,
        37.857972
    ],
    [
        51.30561,
        37.858055
    ],
    [
        51.305698,
        37.858108
    ],
    [
        51.305987,
        37.858711
    ],
    [
        51.306541,
        37.859855
    ],
    [
        51.306678,
        37.86016
    ],
    [
        51.306855,
        37.860889
    ],
    [
        51.306871,
        37.861738
    ],
    [
        51.30688,
        37.862607
    ],
    [
        51.306901,
        37.863702
    ],
    [
        51.306924,
        37.864829
    ],
    [
        51.306897,
        37.864857
    ],
    [
        51.306934,
        37.864965
    ],
    [
        51.306967,
        37.866277
    ],
    [
        51.306997,
        37.867142
    ],
    [
        51.307092,
        37.867843
    ],
    [
        51.307177,
        37.868978
    ],
    [
        51.307278,
        37.869938
    ],
    [
        51.307375,
        37.870946
    ],
    [
        51.307455,
        37.871307
    ],
    [
        51.307714,
        37.871898
    ],
    [
        51.308061,
        37.872696
    ],
    [
        51.308373,
        37.873436
    ],
    [
        51.308331,
        37.873503
    ],
    [
        51.308426,
        37.873576
    ],
    [
        51.308816,
        37.874468
    ],
    [
        51.309334,
        37.875859
    ],
    [
        51.309647,
        37.876597
    ],
    [
        51.309773,
        37.876903
    ],
    [
        51.309763,
        37.877005
    ],
    [
        51.309878,
        37.877103
    ],
    [
        51.310478,
        37.878528
    ],
    [
        51.310944,
        37.879636
    ],
    [
        51.310967,
        37.879693
    ],
    [
        51.310523,
        37.880171
    ],
    [
        51.310453,
        37.880188
    ],
    [
        51.310409,
        37.880322
    ],
    [
        51.309744,
        37.881072
    ],
    [
        51.309245,
        37.881624
    ],
    [
        51.308696,
        37.882238
    ],
    [
        51.308175,
        37.882832
    ],
    [
        51.307687,
        37.88338
    ],
    [
        51.30734,
        37.883737
    ],
    [
        51.307282,
        37.883711
    ],
    [
        51.307229,
        37.883868
    ],
    [
        51.306581,
        37.884583
    ],
    [
        51.305956,
        37.885286
    ],
    [
        51.305277,
        37.886037
    ],
    [
        51.304563,
        37.8868
    ],
    [
        51.303853,
        37.887593
    ],
    [
        51.303175,
        37.888366
    ],
    [
        51.302377,
        37.889235
    ],
    [
        51.302254,
        37.889257
    ],
    [
        51.302236,
        37.889386
    ],
    [
        51.301642,
        37.890057
    ],
    [
        51.300927,
        37.890856
    ],
    [
        51.300552,
        37.891211
    ],
    [
        51.30032,
        37.891451
    ],
    [
        51.300175,
        37.891493
    ],
    [
        51.300035,
        37.891375
    ],
    [
        51.299676,
        37.890505
    ],
    [
        51.299485,
        37.890103
    ],
    [
        51.299338,
        37.890094
    ],
    [
        51.299228,
        37.890278
    ],
    [
        51.299264,
        37.890527
    ],
    [
        51.299435,
        37.890893
    ],
    [
        51.299686,
        37.891537
    ],
    [
        51.300269,
        37.892866
    ],
    [
        51.30064,
        37.89363
    ],
    [
        51.301006,
        37.894261
    ],
    [
        51.301237,
        37.894514
    ],
    [
        51.301589,
        37.895288
    ],
    [
        51.30191,
        37.896046
    ],
    [
        51.302125,
        37.896528
    ],
    [
        51.302149,
        37.896729
    ],
    [
        51.302255,
        37.896827
    ],
    [
        51.302589,
        37.897579
    ],
    [
        51.303668,
        37.900044
    ],
    [
        51.304539,
        37.902048
    ],
    [
        51.305038,
        37.903235
    ],
    [
        51.305444,
        37.904179
    ],
    [
        51.305949,
        37.905266
    ],
    [
        51.306405,
        37.906328
    ],
    [
        51.306659,
        37.906954
    ],
    [
        51.306988,
        37.907706
    ],
    [
        51.307479,
        37.908772
    ],
    [
        51.307706,
        37.909311
    ],
    [
        51.307693,
        37.909414
    ],
    [
        51.3078,
        37.909534
    ],
    [
        51.308241,
        37.910692
    ],
    [
        51.308336,
        37.911074
    ],
    [
        51.30836,
        37.911266
    ],
    [
        51.308441,
        37.911438
    ],
    [
        51.308544,
        37.911483
    ],
    [
        51.308684,
        37.911425
    ],
    [
        51.308773,
        37.911205
    ],
    [
        51.308832,
        37.911051
    ],
    [
        51.309012,
        37.910802
    ],
    [
        51.309238,
        37.910514
    ],
    [
        51.309568,
        37.910121
    ],
    [
        51.310012,
        37.909633
    ],
    [
        51.310193,
        37.909435
    ],
    [
        51.310222,
        37.909485
    ],
    [
        51.31028,
        37.909333
    ],
    [
        51.31042,
        37.90918
    ],
    [
        51.310773,
        37.908788
    ],
    [
        51.311317,
        37.908196
    ],
    [
        51.311863,
        37.907595
    ],
    [
        51.312045,
        37.90749
    ],
    [
        51.312148,
        37.907273
    ],
    [
        51.312532,
        37.906828
    ],
    [
        51.312925,
        37.906421
    ],
    [
        51.313356,
        37.905909
    ],
    [
        51.313733,
        37.905505
    ],
    [
        51.313891,
        37.905339
    ],
    [
        51.313985,
        37.905399
    ],
    [
        51.314093,
        37.905364
    ],
    [
        51.314164,
        37.905198
    ],
    [
        51.314163,
        37.90505
    ],
    [
        51.314112,
        37.904836
    ],
    [
        51.314008,
        37.90481
    ],
    [
        51.313869,
        37.904697
    ],
    [
        51.313779,
        37.904503
    ],
    [
        51.313609,
        37.904104
    ],
    [
        51.31362,
        37.904007
    ],
    [
        51.313528,
        37.903927
    ],
    [
        51.313396,
        37.903612
    ],
    [
        51.313167,
        37.903081
    ],
    [
        51.312784,
        37.902248
    ],
    [
        51.312534,
        37.901652
    ],
    [
        51.312274,
        37.901019
    ],
    [
        51.312005,
        37.900426
    ],
    [
        51.311752,
        37.8998
    ],
    [
        51.311461,
        37.899117
    ],
    [
        51.311459,
        37.899028
    ],
    [
        51.311345,
        37.898862
    ],
    [
        51.311045,
        37.898162
    ],
    [
        51.310793,
        37.897597
    ],
    [
        51.311259,
        37.897095
    ],
    [
        51.311579,
        37.896758
    ],
    [
        51.311624,
        37.896795
    ],
    [
        51.311696,
        37.896612
    ],
    [
        51.312128,
        37.896129
    ],
    [
        51.31257,
        37.89564
    ],
    [
        51.312959,
        37.89521
    ],
    [
        51.313352,
        37.894764
    ],
    [
        51.313797,
        37.894268
    ],
    [
        51.314207,
        37.893828
    ],
    [
        51.314608,
        37.893382
    ],
    [
        51.314963,
        37.892978
    ],
    [
        51.315243,
        37.892689
    ],
    [
        51.315307,
        37.892704
    ],
    [
        51.315351,
        37.892559
    ],
    [
        51.315707,
        37.892153
    ],
    [
        51.316024,
        37.891814
    ],
    [
        51.316318,
        37.891485
    ],
    [
        51.316666,
        37.891118
    ],
    [
        51.317073,
        37.890647
    ],
    [
        51.317428,
        37.890252
    ],
    [
        51.317684,
        37.889988
    ],
    [
        51.317745,
        37.889971
    ],
    [
        51.3178,
        37.889822
    ],
    [
        51.318113,
        37.889506
    ],
    [
        51.318418,
        37.889159
    ],
    [
        51.318758,
        37.888768
    ],
    [
        51.319094,
        37.888406
    ],
    [
        51.319425,
        37.888047
    ],
    [
        51.319868,
        37.887537
    ],
    [
        51.321127,
        37.886157
    ],
    [
        51.321476,
        37.885749
    ],
    [
        51.321509,
        37.88578
    ],
    [
        51.321597,
        37.88562
    ],
    [
        51.322878,
        37.884203
    ],
    [
        51.323473,
        37.883537
    ],
    [
        51.322927,
        37.882316
    ],
    [
        51.322294,
        37.880856
    ],
    [
        51.322064,
        37.880349
    ],
    [
        51.322181,
        37.880936
    ],
    [
        51.322242,
        37.881156
    ],
    [
        51.322363,
        37.881345
    ],
    [
        51.32281,
        37.882471
    ],
    [
        51.323264,
        37.883699
    ],
    [
        51.323281,
        37.883757
    ],
    [
        51.32359,
        37.883397
    ],
    [
        51.324091,
        37.882885
    ],
    [
        51.324579,
        37.882349
    ],
    [
        51.324639,
        37.882369
    ]
]