[
    [
        51.277609,
        37.726645
    ],
    [
        51.277731,
        37.72742
    ],
    [
        51.277775,
        37.728087
    ],
    [
        51.277867,
        37.729688
    ],
    [
        51.277943,
        37.73115
    ],
    [
        51.277989,
        37.731621
    ],
    [
        51.278027,
        37.731924
    ],
    [
        51.278157,
        37.732283
    ],
    [
        51.2783,
        37.732581
    ],
    [
        51.278511,
        37.732856
    ],
    [
        51.278672,
        37.733027
    ],
    [
        51.279443,
        37.733909
    ],
    [
        51.279595,
        37.734104
    ],
    [
        51.279916,
        37.734432
    ],
    [
        51.280102,
        37.734688
    ],
    [
        51.280214,
        37.735014
    ],
    [
        51.280287,
        37.735334
    ],
    [
        51.280339,
        37.735708
    ],
    [
        51.280359,
        37.73617
    ],
    [
        51.280384,
        37.736671
    ],
    [
        51.280532,
        37.738212
    ],
    [
        51.280631,
        37.739526
    ],
    [
        51.280783,
        37.74206
    ],
    [
        51.280919,
        37.744231
    ],
    [
        51.280985,
        37.74628
    ],
    [
        51.28095,
        37.747263
    ],
    [
        51.280894,
        37.748707
    ],
    [
        51.280885,
        37.749747
    ],
    [
        51.280942,
        37.75043
    ],
    [
        51.281161,
        37.751809
    ],
    [
        51.281435,
        37.753745
    ],
    [
        51.281576,
        37.754964
    ],
    [
        51.281702,
        37.756246
    ],
    [
        51.28187,
        37.757879
    ],
    [
        51.281953,
        37.758649
    ],
    [
        51.282065,
        37.760143
    ],
    [
        51.282113,
        37.761399
    ],
    [
        51.282135,
        37.762334
    ],
    [
        51.282172,
        37.763065
    ],
    [
        51.282256,
        37.764343
    ],
    [
        51.282373,
        37.765904
    ],
    [
        51.282549,
        37.768166
    ],
    [
        51.282734,
        37.770696
    ],
    [
        51.282929,
        37.773057
    ],
    [
        51.283132,
        37.775136
    ],
    [
        51.28334,
        37.777154
    ],
    [
        51.283504,
        37.778662
    ],
    [
        51.28366,
        37.779917
    ],
    [
        51.283893,
        37.782135
    ],
    [
        51.284221,
        37.785131
    ],
    [
        51.28435,
        37.786315
    ],
    [
        51.284429,
        37.787013
    ],
    [
        51.28442,
        37.787446
    ],
    [
        51.284416,
        37.787648
    ],
    [
        51.284318,
        37.787812
    ],
    [
        51.284288,
        37.787943
    ],
    [
        51.284287,
        37.788147
    ],
    [
        51.284393,
        37.788333
    ],
    [
        51.284507,
        37.788464
    ],
    [
        51.28463,
        37.788919
    ],
    [
        51.28473,
        37.789407
    ],
    [
        51.28481,
        37.790088
    ],
    [
        51.284952,
        37.791459
    ],
    [
        51.285024,
        37.791914
    ],
    [
        51.285136,
        37.792873
    ],
    [
        51.285093,
        37.792985
    ],
    [
        51.285158,
        37.793079
    ],
    [
        51.285193,
        37.793385
    ],
    [
        51.28529,
        37.794232
    ],
    [
        51.285429,
        37.795507
    ],
    [
        51.285517,
        37.796159
    ],
    [
        51.285607,
        37.796992
    ],
    [
        51.28572,
        37.797908
    ],
    [
        51.285853,
        37.799042
    ],
    [
        51.286035,
        37.800589
    ],
    [
        51.286195,
        37.801921
    ],
    [
        51.286163,
        37.802055
    ],
    [
        51.286216,
        37.802155
    ],
    [
        51.286262,
        37.802558
    ],
    [
        51.286377,
        37.80342
    ],
    [
        51.286543,
        37.804885
    ],
    [
        51.286732,
        37.806325
    ],
    [
        51.286821,
        37.807269
    ],
    [
        51.286964,
        37.80813
    ],
    [
        51.287014,
        37.808377
    ],
    [
        51.287073,
        37.809303
    ],
    [
        51.287219,
        37.810464
    ],
    [
        51.287366,
        37.811845
    ],
    [
        51.287429,
        37.812338
    ],
    [
        51.287382,
        37.812511
    ],
    [
        51.287464,
        37.812646
    ],
    [
        51.287589,
        37.813561
    ],
    [
        51.287659,
        37.814301
    ],
    [
        51.287787,
        37.81532
    ],
    [
        51.287844,
        37.816066
    ],
    [
        51.28785,
        37.816841
    ],
    [
        51.287834,
        37.817228
    ],
    [
        51.287741,
        37.817913
    ],
    [
        51.287587,
        37.818749
    ],
    [
        51.28745,
        37.819423
    ],
    [
        51.287399,
        37.819493
    ],
    [
        51.287428,
        37.819653
    ],
    [
        51.287332,
        37.819966
    ],
    [
        51.28709,
        37.820543
    ],
    [
        51.286978,
        37.820814
    ],
    [
        51.28691,
        37.82084
    ],
    [
        51.286795,
        37.820753
    ],
    [
        51.286541,
        37.820468
    ],
    [
        51.286408,
        37.820308
    ],
    [
        51.286401,
        37.820133
    ],
    [
        51.286327,
        37.820149
    ],
    [
        51.286225,
        37.820023
    ],
    [
        51.285782,
        37.819502
    ],
    [
        51.284943,
        37.818428
    ],
    [
        51.284514,
        37.81787
    ],
    [
        51.284057,
        37.817325
    ],
    [
        51.283584,
        37.816714
    ],
    [
        51.283226,
        37.81629
    ],
    [
        51.282669,
        37.815617
    ],
    [
        51.282188,
        37.815009
    ],
    [
        51.282178,
        37.814889
    ],
    [
        51.282096,
        37.814843
    ],
    [
        51.281681,
        37.814412
    ],
    [
        51.28109,
        37.813663
    ],
    [
        51.280541,
        37.81294
    ],
    [
        51.279991,
        37.812254
    ],
    [
        51.279725,
        37.811905
    ],
    [
        51.279725,
        37.81183
    ],
    [
        51.279605,
        37.811757
    ],
    [
        51.279315,
        37.811391
    ],
    [
        51.279064,
        37.811229
    ],
    [
        51.278852,
        37.810973
    ],
    [
        51.278551,
        37.810628
    ],
    [
        51.277849,
        37.809748
    ],
    [
        51.276772,
        37.808381
    ],
    [
        51.276593,
        37.808043
    ],
    [
        51.276371,
        37.807407
    ],
    [
        51.276386,
        37.807356
    ],
    [
        51.276303,
        37.807243
    ],
    [
        51.276084,
        37.806663
    ],
    [
        51.275814,
        37.8059
    ],
    [
        51.275574,
        37.805306
    ],
    [
        51.275198,
        37.804267
    ],
    [
        51.275032,
        37.803815
    ],
    [
        51.275061,
        37.803703
    ],
    [
        51.275284,
        37.803475
    ],
    [
        51.275495,
        37.803235
    ],
    [
        51.275535,
        37.803233
    ],
    [
        51.275599,
        37.803145
    ],
    [
        51.276031,
        37.80273
    ],
    [
        51.276634,
        37.802112
    ],
    [
        51.277285,
        37.801497
    ],
    [
        51.277737,
        37.801077
    ],
    [
        51.277748,
        37.801066
    ],
    [
        51.277778,
        37.801076
    ],
    [
        51.277809,
        37.800988
    ],
    [
        51.277915,
        37.800908
    ],
    [
        51.277932,
        37.800908
    ],
    [
        51.278043,
        37.800789
    ],
    [
        51.278529,
        37.800321
    ],
    [
        51.2789,
        37.799969
    ],
    [
        51.279278,
        37.799592
    ],
    [
        51.279532,
        37.799355
    ],
    [
        51.279769,
        37.799112
    ],
    [
        51.279994,
        37.798912
    ],
    [
        51.280283,
        37.79863
    ],
    [
        51.280513,
        37.798411
    ],
    [
        51.280771,
        37.798166
    ],
    [
        51.281157,
        37.797787
    ],
    [
        51.281261,
        37.797676
    ],
    [
        51.28159,
        37.797359
    ],
    [
        51.281858,
        37.797133
    ],
    [
        51.282,
        37.796998
    ],
    [
        51.282421,
        37.796577
    ],
    [
        51.282427,
        37.796576
    ],
    [
        51.282537,
        37.796463
    ],
    [
        51.282709,
        37.796331
    ],
    [
        51.282726,
        37.796363
    ]
]