[
    [
        51.257907,
        37.752406
    ],
    [
        51.257879,
        37.752928
    ],
    [
        51.25825,
        37.752754
    ],
    [
        51.258302,
        37.753026
    ],
    [
        51.258453,
        37.753816
    ],
    [
        51.258465,
        37.753847
    ],
    [
        51.258802,
        37.753975
    ],
    [
        51.259253,
        37.754164
    ],
    [
        51.259695,
        37.754348
    ],
    [
        51.260265,
        37.754581
    ],
    [
        51.260693,
        37.754757
    ],
    [
        51.261147,
        37.754937
    ],
    [
        51.261752,
        37.755185
    ],
    [
        51.26216,
        37.755368
    ],
    [
        51.262719,
        37.755605
    ],
    [
        51.263323,
        37.755856
    ],
    [
        51.264626,
        37.756414
    ],
    [
        51.264823,
        37.756501
    ],
    [
        51.26511,
        37.75683
    ],
    [
        51.265197,
        37.757627
    ],
    [
        51.265214,
        37.757866
    ],
    [
        51.265293,
        37.758105
    ],
    [
        51.265515,
        37.758305
    ],
    [
        51.266024,
        37.758404
    ],
    [
        51.266801,
        37.758066
    ],
    [
        51.267791,
        37.757796
    ],
    [
        51.268737,
        37.75758
    ],
    [
        51.26961,
        37.75736
    ],
    [
        51.270652,
        37.757104
    ],
    [
        51.271675,
        37.756852
    ],
    [
        51.272856,
        37.756575
    ],
    [
        51.274072,
        37.756367
    ],
    [
        51.275353,
        37.756074
    ],
    [
        51.276271,
        37.755883
    ],
    [
        51.277667,
        37.755564
    ],
    [
        51.279276,
        37.75524
    ],
    [
        51.280748,
        37.754931
    ],
    [
        51.281552,
        37.754784
    ],
    [
        51.281729,
        37.756631
    ],
    [
        51.281949,
        37.758528
    ],
    [
        51.282076,
        37.760321
    ],
    [
        51.282142,
        37.762295
    ],
    [
        51.282242,
        37.764035
    ],
    [
        51.28242,
        37.766324
    ],
    [
        51.282589,
        37.768902
    ],
    [
        51.282729,
        37.77077
    ],
    [
        51.282913,
        37.772799
    ],
    [
        51.283121,
        37.774998
    ],
    [
        51.283336,
        37.777072
    ],
    [
        51.283598,
        37.779451
    ],
    [
        51.283791,
        37.78139
    ],
    [
        51.284159,
        37.784431
    ],
    [
        51.284354,
        37.786291
    ],
    [
        51.284431,
        37.786969
    ],
    [
        51.284425,
        37.787613
    ],
    [
        51.284323,
        37.787808
    ],
    [
        51.284288,
        37.788094
    ],
    [
        51.284335,
        37.788254
    ],
    [
        51.28447,
        37.788423
    ],
    [
        51.28462,
        37.788768
    ],
    [
        51.284705,
        37.789214
    ],
    [
        51.284842,
        37.790305
    ],
    [
        51.285035,
        37.792063
    ],
    [
        51.285145,
        37.792827
    ],
    [
        51.285083,
        37.792983
    ],
    [
        51.28523,
        37.793637
    ],
    [
        51.285421,
        37.795341
    ],
    [
        51.285665,
        37.797378
    ],
    [
        51.285868,
        37.799225
    ],
    [
        51.286115,
        37.801195
    ],
    [
        51.286198,
        37.801949
    ],
    [
        51.286177,
        37.802075
    ],
    [
        51.286262,
        37.802444
    ],
    [
        51.286378,
        37.8035
    ],
    [
        51.286576,
        37.805033
    ],
    [
        51.286717,
        37.806269
    ],
    [
        51.286832,
        37.807229
    ],
    [
        51.286973,
        37.808355
    ],
    [
        51.286936,
        37.808488
    ],
    [
        51.287027,
        37.808771
    ],
    [
        51.287179,
        37.810119
    ],
    [
        51.28733,
        37.811484
    ],
    [
        51.287391,
        37.812049
    ],
    [
        51.287443,
        37.812454
    ],
    [
        51.287389,
        37.812531
    ],
    [
        51.287505,
        37.8129
    ],
    [
        51.287627,
        37.813966
    ],
    [
        51.28776,
        37.815158
    ],
    [
        51.287856,
        37.816338
    ],
    [
        51.287843,
        37.816843
    ],
    [
        51.287833,
        37.817261
    ],
    [
        51.287628,
        37.818489
    ],
    [
        51.287499,
        37.819124
    ],
    [
        51.287439,
        37.819419
    ],
    [
        51.28738,
        37.819506
    ]
]