[
    [
        51.243878,
        37.763962
    ],
    [
        51.243788,
        37.762384
    ],
    [
        51.243718,
        37.761467
    ],
    [
        51.243473,
        37.760488
    ],
    [
        51.243243,
        37.759598
    ],
    [
        51.242948,
        37.758385
    ],
    [
        51.242891,
        37.758071
    ],
    [
        51.242924,
        37.757733
    ],
    [
        51.243054,
        37.757442
    ],
    [
        51.243283,
        37.757224
    ],
    [
        51.243859,
        37.75688
    ],
    [
        51.244374,
        37.756604
    ],
    [
        51.244493,
        37.756656
    ],
    [
        51.244611,
        37.756737
    ],
    [
        51.244721,
        37.756869
    ],
    [
        51.244791,
        37.757025
    ],
    [
        51.244776,
        37.756599
    ],
    [
        51.244867,
        37.756234
    ],
    [
        51.245017,
        37.755947
    ],
    [
        51.245444,
        37.755081
    ],
    [
        51.245911,
        37.754089
    ],
    [
        51.246521,
        37.752775
    ],
    [
        51.246766,
        37.752447
    ],
    [
        51.247268,
        37.752952
    ],
    [
        51.247981,
        37.753588
    ],
    [
        51.248262,
        37.753782
    ],
    [
        51.249343,
        37.754318
    ],
    [
        51.250406,
        37.754885
    ],
    [
        51.251281,
        37.755313
    ],
    [
        51.252128,
        37.755585
    ],
    [
        51.252737,
        37.755641
    ],
    [
        51.253346,
        37.755581
    ],
    [
        51.253755,
        37.755501
    ],
    [
        51.254505,
        37.75504
    ],
    [
        51.255445,
        37.754473
    ],
    [
        51.25674,
        37.753676
    ],
    [
        51.257891,
        37.752938
    ],
    [
        51.258257,
        37.752736
    ],
    [
        51.258474,
        37.753847
    ],
    [
        51.261746,
        37.755178
    ],
    [
        51.264839,
        37.7565
    ],
    [
        51.26511,
        37.75682
    ],
    [
        51.265221,
        37.75787
    ],
    [
        51.265297,
        37.758107
    ],
    [
        51.265525,
        37.758317
    ],
    [
        51.265956,
        37.758393
    ],
    [
        51.265951,
        37.758448
    ],
    [
        51.265008,
        37.758891
    ],
    [
        51.262071,
        37.76059
    ],
    [
        51.26197,
        37.760919
    ],
    [
        51.261952,
        37.762096
    ],
    [
        51.261826,
        37.763541
    ],
    [
        51.261913,
        37.764688
    ],
    [
        51.261965,
        37.765603
    ],
    [
        51.261497,
        37.766288
    ],
    [
        51.261192,
        37.766498
    ],
    [
        51.258631,
        37.767401
    ],
    [
        51.255772,
        37.768404
    ],
    [
        51.253876,
        37.76915
    ],
    [
        51.253485,
        37.769594
    ],
    [
        51.25345,
        37.770243
    ],
    [
        51.253313,
        37.773013
    ],
    [
        51.252978,
        37.775432
    ],
    [
        51.252877,
        37.776465
    ],
    [
        51.25256,
        37.776629
    ],
    [
        51.25248,
        37.776658
    ],
    [
        51.252094,
        37.777148
    ],
    [
        51.251675,
        37.77769
    ],
    [
        51.251181,
        37.77832
    ],
    [
        51.250706,
        37.778923
    ],
    [
        51.250299,
        37.77944
    ],
    [
        51.250071,
        37.779595
    ],
    [
        51.249653,
        37.779948
    ],
    [
        51.24936,
        37.780053
    ],
    [
        51.249229,
        37.780072
    ],
    [
        51.249014,
        37.780061
    ],
    [
        51.248888,
        37.780051
    ],
    [
        51.248424,
        37.779844
    ],
    [
        51.247914,
        37.77962
    ],
    [
        51.247403,
        37.779402
    ],
    [
        51.246898,
        37.779175
    ],
    [
        51.246546,
        37.779015
    ],
    [
        51.246357,
        37.778973
    ],
    [
        51.246003,
        37.779076
    ],
    [
        51.245706,
        37.779319
    ],
    [
        51.245156,
        37.779825
    ],
    [
        51.24479,
        37.780159
    ],
    [
        51.244561,
        37.780474
    ],
    [
        51.244357,
        37.780937
    ],
    [
        51.244215,
        37.781529
    ],
    [
        51.244062,
        37.782328
    ],
    [
        51.243797,
        37.783761
    ],
    [
        51.243757,
        37.783955
    ],
    [
        51.243456,
        37.784045
    ],
    [
        51.243277,
        37.784258
    ],
    [
        51.243287,
        37.784484
    ]
]