[
    [
        51.243231,
        37.784441
    ],
    [
        51.243177,
        37.784929
    ],
    [
        51.243536,
        37.785103
    ],
    [
        51.243806,
        37.783705
    ],
    [
        51.244176,
        37.781757
    ],
    [
        51.244269,
        37.781258
    ],
    [
        51.244422,
        37.780749
    ],
    [
        51.244653,
        37.780336
    ],
    [
        51.244855,
        37.780091
    ],
    [
        51.245051,
        37.779928
    ],
    [
        51.245726,
        37.779305
    ],
    [
        51.246018,
        37.779076
    ],
    [
        51.246283,
        37.778987
    ],
    [
        51.24642,
        37.778993
    ],
    [
        51.246595,
        37.779031
    ],
    [
        51.246738,
        37.779099
    ],
    [
        51.247389,
        37.779388
    ],
    [
        51.248158,
        37.779731
    ],
    [
        51.248885,
        37.780053
    ],
    [
        51.249249,
        37.78007
    ],
    [
        51.249402,
        37.780056
    ],
    [
        51.249841,
        37.779928
    ],
    [
        51.250187,
        37.7796
    ],
    [
        51.25045,
        37.779266
    ],
    [
        51.250833,
        37.778768
    ],
    [
        51.251131,
        37.778378
    ],
    [
        51.251707,
        37.777657
    ],
    [
        51.252232,
        37.776983
    ],
    [
        51.252476,
        37.776658
    ],
    [
        51.252839,
        37.776487
    ],
    [
        51.253046,
        37.774913
    ],
    [
        51.253255,
        37.773389
    ],
    [
        51.253424,
        37.771769
    ],
    [
        51.253487,
        37.770582
    ],
    [
        51.253431,
        37.769139
    ],
    [
        51.253268,
        37.768795
    ],
    [
        51.252804,
        37.768782
    ],
    [
        51.252564,
        37.768812
    ],
    [
        51.252072,
        37.768603
    ],
    [
        51.251382,
        37.767968
    ],
    [
        51.250901,
        37.767519
    ],
    [
        51.24992,
        37.76783
    ],
    [
        51.248778,
        37.768167
    ],
    [
        51.24848,
        37.768041
    ],
    [
        51.247607,
        37.766447
    ],
    [
        51.247112,
        37.765969
    ],
    [
        51.246776,
        37.765396
    ],
    [
        51.246472,
        37.764454
    ],
    [
        51.245964,
        37.76243
    ],
    [
        51.245557,
        37.760541
    ],
    [
        51.244789,
        37.756986
    ],
    [
        51.24478,
        37.756584
    ],
    [
        51.244879,
        37.756214
    ],
    [
        51.24515,
        37.755684
    ],
    [
        51.24552,
        37.754919
    ],
    [
        51.245816,
        37.754286
    ],
    [
        51.246191,
        37.75349
    ],
    [
        51.246521,
        37.752785
    ],
    [
        51.246757,
        37.752446
    ],
    [
        51.247017,
        37.75272
    ],
    [
        51.247308,
        37.752989
    ],
    [
        51.24774,
        37.753376
    ],
    [
        51.247958,
        37.753569
    ],
    [
        51.248249,
        37.753762
    ],
    [
        51.248617,
        37.753956
    ],
    [
        51.249164,
        37.754224
    ],
    [
        51.249656,
        37.75448
    ],
    [
        51.249812,
        37.754563
    ],
    [
        51.250443,
        37.754904
    ],
    [
        51.250879,
        37.755104
    ],
    [
        51.251287,
        37.755308
    ],
    [
        51.251746,
        37.755481
    ],
    [
        51.252115,
        37.755584
    ],
    [
        51.252235,
        37.755611
    ],
    [
        51.252802,
        37.755635
    ],
    [
        51.252959,
        37.755648
    ],
    [
        51.253763,
        37.755493
    ],
    [
        51.254695,
        37.754921
    ],
    [
        51.255664,
        37.754339
    ],
    [
        51.256743,
        37.753682
    ],
    [
        51.257498,
        37.753217
    ],
    [
        51.25789,
        37.752932
    ],
    [
        51.257909,
        37.75218
    ]
]