[
    [
        51.243877,
        37.763983
    ],
    [
        51.243793,
        37.762616
    ],
    [
        51.243721,
        37.761469
    ],
    [
        51.243411,
        37.760242
    ],
    [
        51.243113,
        37.759056
    ],
    [
        51.242982,
        37.758547
    ],
    [
        51.242893,
        37.758065
    ],
    [
        51.242941,
        37.757713
    ],
    [
        51.243052,
        37.757439
    ],
    [
        51.243291,
        37.757244
    ],
    [
        51.243589,
        37.757048
    ],
    [
        51.244346,
        37.756595
    ],
    [
        51.244571,
        37.756691
    ],
    [
        51.24479,
        37.756996
    ],
    [
        51.24488,
        37.757384
    ],
    [
        51.245468,
        37.760115
    ],
    [
        51.245854,
        37.761901
    ],
    [
        51.246045,
        37.762723
    ],
    [
        51.246655,
        37.765037
    ],
    [
        51.246857,
        37.765541
    ],
    [
        51.247062,
        37.765914
    ],
    [
        51.247594,
        37.766458
    ],
    [
        51.248459,
        37.767989
    ],
    [
        51.248699,
        37.768149
    ],
    [
        51.249097,
        37.768092
    ],
    [
        51.250079,
        37.76778
    ],
    [
        51.250905,
        37.767525
    ],
    [
        51.252098,
        37.768636
    ],
    [
        51.252602,
        37.768805
    ],
    [
        51.25325,
        37.76877
    ],
    [
        51.253426,
        37.769083
    ],
    [
        51.253479,
        37.770762
    ],
    [
        51.253478,
        37.770991
    ],
    [
        51.25339,
        37.772242
    ],
    [
        51.253267,
        37.77336
    ],
    [
        51.253041,
        37.775096
    ],
    [
        51.25286,
        37.776492
    ],
    [
        51.252488,
        37.776655
    ],
    [
        51.251847,
        37.777467
    ],
    [
        51.251342,
        37.778107
    ],
    [
        51.250891,
        37.778685
    ],
    [
        51.250374,
        37.779353
    ],
    [
        51.249857,
        37.779775
    ],
    [
        51.249615,
        37.77998
    ],
    [
        51.249305,
        37.780068
    ],
    [
        51.248919,
        37.78005
    ],
    [
        51.24886,
        37.78003
    ],
    [
        51.248242,
        37.779769
    ],
    [
        51.247846,
        37.77959
    ],
    [
        51.247194,
        37.779303
    ],
    [
        51.246569,
        37.779026
    ],
    [
        51.246365,
        37.778969
    ],
    [
        51.246182,
        37.779005
    ],
    [
        51.246007,
        37.779083
    ],
    [
        51.245714,
        37.779306
    ],
    [
        51.245197,
        37.779792
    ],
    [
        51.244769,
        37.780186
    ],
    [
        51.244566,
        37.780455
    ],
    [
        51.244401,
        37.780827
    ],
    [
        51.244252,
        37.781349
    ],
    [
        51.24414,
        37.781934
    ],
    [
        51.243973,
        37.782809
    ],
    [
        51.243816,
        37.783644
    ],
    [
        51.243752,
        37.78396
    ],
    [
        51.243314,
        37.784097
    ],
    [
        51.243137,
        37.784933
    ],
    [
        51.243536,
        37.785105
    ],
    [
        51.243442,
        37.78563
    ],
    [
        51.243292,
        37.786443
    ],
    [
        51.243147,
        37.787217
    ],
    [
        51.243015,
        37.788002
    ],
    [
        51.242919,
        37.788642
    ],
    [
        51.24366,
        37.788992
    ],
    [
        51.243999,
        37.789142
    ],
    [
        51.243854,
        37.789928
    ],
    [
        51.243683,
        37.79084
    ],
    [
        51.243471,
        37.791979
    ],
    [
        51.243314,
        37.792894
    ],
    [
        51.243325,
        37.793217
    ],
    [
        51.243442,
        37.7936
    ],
    [
        51.2434,
        37.793778
    ],
    [
        51.24339,
        37.793865
    ],
    [
        51.243363,
        37.794004
    ]
]