[
    [
        51.287373,
        37.819493
    ],
    [
        51.287396,
        37.819718
    ],
    [
        51.287088,
        37.82053
    ],
    [
        51.286942,
        37.820867
    ],
    [
        51.286678,
        37.82059
    ],
    [
        51.286366,
        37.82023
    ],
    [
        51.286387,
        37.820163
    ],
    [
        51.286197,
        37.820081
    ],
    [
        51.285919,
        37.81964
    ],
    [
        51.285406,
        37.819004
    ],
    [
        51.284954,
        37.81846
    ],
    [
        51.284431,
        37.817784
    ],
    [
        51.284082,
        37.817334
    ],
    [
        51.283785,
        37.81696
    ],
    [
        51.283485,
        37.816593
    ],
    [
        51.28323,
        37.816264
    ],
    [
        51.282858,
        37.815806
    ],
    [
        51.282581,
        37.815486
    ],
    [
        51.282307,
        37.815116
    ],
    [
        51.282179,
        37.81496
    ],
    [
        51.28217,
        37.814909
    ],
    [
        51.282114,
        37.814878
    ],
    [
        51.281949,
        37.814678
    ],
    [
        51.281656,
        37.814333
    ],
    [
        51.281472,
        37.814088
    ],
    [
        51.281236,
        37.813791
    ],
    [
        51.281009,
        37.81353
    ],
    [
        51.280775,
        37.813221
    ],
    [
        51.28044,
        37.812784
    ],
    [
        51.280192,
        37.812487
    ],
    [
        51.27999,
        37.812218
    ],
    [
        51.279749,
        37.811907
    ],
    [
        51.279742,
        37.811842
    ],
    [
        51.279665,
        37.811803
    ],
    [
        51.279442,
        37.811545
    ],
    [
        51.279334,
        37.811402
    ],
    [
        51.279175,
        37.811284
    ],
    [
        51.279067,
        37.811208
    ],
    [
        51.278803,
        37.81092
    ],
    [
        51.278665,
        37.81076
    ],
    [
        51.278363,
        37.810381
    ],
    [
        51.27805,
        37.810002
    ],
    [
        51.277812,
        37.80972
    ],
    [
        51.27755,
        37.809402
    ],
    [
        51.277199,
        37.808942
    ],
    [
        51.276915,
        37.808574
    ],
    [
        51.276674,
        37.808233
    ],
    [
        51.276465,
        37.807721
    ],
    [
        51.276375,
        37.80741
    ],
    [
        51.276402,
        37.807376
    ],
    [
        51.276306,
        37.807272
    ],
    [
        51.276103,
        37.806662
    ],
    [
        51.275911,
        37.806196
    ],
    [
        51.275718,
        37.805638
    ],
    [
        51.275464,
        37.804968
    ],
    [
        51.275291,
        37.804556
    ],
    [
        51.275081,
        37.803968
    ],
    [
        51.275032,
        37.803817
    ],
    [
        51.275046,
        37.803735
    ],
    [
        51.275094,
        37.803667
    ],
    [
        51.275195,
        37.803559
    ],
    [
        51.275414,
        37.803335
    ],
    [
        51.275508,
        37.803262
    ],
    [
        51.275534,
        37.803259
    ],
    [
        51.275567,
        37.803196
    ],
    [
        51.275785,
        37.802959
    ],
    [
        51.27609,
        37.802663
    ],
    [
        51.276435,
        37.802317
    ],
    [
        51.276787,
        37.801966
    ],
    [
        51.27716,
        37.801618
    ],
    [
        51.277505,
        37.801286
    ],
    [
        51.277758,
        37.801054
    ],
    [
        51.277786,
        37.801073
    ],
    [
        51.277821,
        37.801001
    ],
    [
        51.277944,
        37.800875
    ],
    [
        51.278155,
        37.800665
    ],
    [
        51.278423,
        37.800412
    ],
    [
        51.278707,
        37.80014
    ],
    [
        51.278985,
        37.799878
    ],
    [
        51.279307,
        37.799564
    ],
    [
        51.279524,
        37.799345
    ],
    [
        51.27982,
        37.799064
    ],
    [
        51.280175,
        37.79872
    ],
    [
        51.280457,
        37.798466
    ],
    [
        51.280816,
        37.798113
    ],
    [
        51.281137,
        37.797804
    ],
    [
        51.281383,
        37.797553
    ],
    [
        51.281612,
        37.797351
    ],
    [
        51.28192,
        37.79706
    ],
    [
        51.282229,
        37.796754
    ],
    [
        51.282495,
        37.7965
    ],
    [
        51.282699,
        37.796336
    ],
    [
        51.282744,
        37.796354
    ],
    [
        51.28278,
        37.796271
    ],
    [
        51.282978,
        37.796143
    ],
    [
        51.28325,
        37.796003
    ],
    [
        51.283474,
        37.795902
    ],
    [
        51.283775,
        37.795768
    ],
    [
        51.284053,
        37.795662
    ],
    [
        51.284281,
        37.795603
    ],
    [
        51.284643,
        37.795495
    ],
    [
        51.284985,
        37.795412
    ],
    [
        51.285285,
        37.795312
    ],
    [
        51.285429,
        37.795249
    ],
    [
        51.28538,
        37.794858
    ],
    [
        51.285329,
        37.794354
    ],
    [
        51.285269,
        37.793851
    ],
    [
        51.285291,
        37.793811
    ],
    [
        51.285241,
        37.793619
    ],
    [
        51.285184,
        37.793135
    ],
    [
        51.28515,
        37.792843
    ],
    [
        51.285048,
        37.791935
    ],
    [
        51.284701,
        37.789008
    ],
    [
        51.284691,
        37.788452
    ],
    [
        51.284699,
        37.788371
    ],
    [
        51.284813,
        37.788192
    ],
    [
        51.284829,
        37.787931
    ],
    [
        51.284745,
        37.787689
    ],
    [
        51.284637,
        37.787567
    ],
    [
        51.284447,
        37.787035
    ],
    [
        51.284317,
        37.78606
    ],
    [
        51.284158,
        37.784497
    ],
    [
        51.283973,
        37.782965
    ],
    [
        51.283828,
        37.781488
    ],
    [
        51.283624,
        37.779765
    ],
    [
        51.283464,
        37.778251
    ],
    [
        51.283238,
        37.77615
    ],
    [
        51.283021,
        37.773901
    ],
    [
        51.282868,
        37.77231
    ],
    [
        51.28272,
        37.770782
    ],
    [
        51.282601,
        37.76903
    ],
    [
        51.282456,
        37.767136
    ],
    [
        51.282352,
        37.765735
    ],
    [
        51.282243,
        37.764181
    ],
    [
        51.282137,
        37.762475
    ],
    [
        51.282102,
        37.760958
    ],
    [
        51.281997,
        37.759351
    ],
    [
        51.281893,
        37.757957
    ],
    [
        51.281732,
        37.756551
    ],
    [
        51.281613,
        37.755435
    ],
    [
        51.281548,
        37.75478
    ],
    [
        51.280388,
        37.755015
    ],
    [
        51.278667,
        37.755364
    ],
    [
        51.277193,
        37.755676
    ],
    [
        51.275314,
        37.75607
    ],
    [
        51.273269,
        37.756521
    ],
    [
        51.271493,
        37.756915
    ],
    [
        51.269719,
        37.757321
    ],
    [
        51.267845,
        37.757776
    ],
    [
        51.266895,
        37.758048
    ],
    [
        51.266142,
        37.758323
    ],
    [
        51.265952,
        37.758403
    ],
    [
        51.265675,
        37.758339
    ],
    [
        51.26552,
        37.758304
    ],
    [
        51.265302,
        37.75811
    ],
    [
        51.265213,
        37.757868
    ],
    [
        51.265196,
        37.75763
    ],
    [
        51.265118,
        37.756961
    ],
    [
        51.265104,
        37.756818
    ],
    [
        51.264878,
        37.756576
    ],
    [
        51.264804,
        37.756485
    ],
    [
        51.264578,
        37.756389
    ],
    [
        51.264216,
        37.756236
    ],
    [
        51.263844,
        37.756079
    ],
    [
        51.263503,
        37.755926
    ],
    [
        51.263123,
        37.755769
    ],
    [
        51.262776,
        37.755624
    ],
    [
        51.262343,
        37.755443
    ],
    [
        51.261976,
        37.755279
    ],
    [
        51.261428,
        37.755056
    ],
    [
        51.260885,
        37.754838
    ],
    [
        51.260368,
        37.754622
    ],
    [
        51.259933,
        37.754448
    ],
    [
        51.259634,
        37.754322
    ],
    [
        51.259294,
        37.754188
    ],
    [
        51.258858,
        37.754005
    ],
    [
        51.258465,
        37.753848
    ],
    [
        51.258321,
        37.753078
    ],
    [
        51.258254,
        37.752738
    ],
    [
        51.257885,
        37.752933
    ],
    [
        51.257911,
        37.752269
    ]
]