[
    [
        51.277661,
        37.726599
    ],
    [
        51.27775,
        37.727792
    ],
    [
        51.277845,
        37.729278
    ],
    [
        51.277873,
        37.730019
    ],
    [
        51.277947,
        37.731301
    ],
    [
        51.278027,
        37.731934
    ],
    [
        51.278135,
        37.732268
    ],
    [
        51.27829,
        37.732539
    ],
    [
        51.278457,
        37.732768
    ],
    [
        51.278916,
        37.733301
    ],
    [
        51.279456,
        37.733949
    ],
    [
        51.279686,
        37.734201
    ],
    [
        51.279997,
        37.734544
    ],
    [
        51.280147,
        37.73479
    ],
    [
        51.28027,
        37.735209
    ],
    [
        51.280309,
        37.735502
    ],
    [
        51.280339,
        37.73586
    ],
    [
        51.280382,
        37.736671
    ],
    [
        51.280457,
        37.737483
    ],
    [
        51.28053,
        37.738247
    ],
    [
        51.280593,
        37.739049
    ],
    [
        51.280641,
        37.739706
    ],
    [
        51.280743,
        37.741456
    ],
    [
        51.280798,
        37.742308
    ],
    [
        51.280889,
        37.74376
    ],
    [
        51.280938,
        37.744563
    ],
    [
        51.280952,
        37.745296
    ],
    [
        51.28098,
        37.745929
    ],
    [
        51.280969,
        37.74671
    ],
    [
        51.280946,
        37.747373
    ],
    [
        51.280908,
        37.748214
    ],
    [
        51.280892,
        37.748791
    ],
    [
        51.280898,
        37.749321
    ],
    [
        51.280895,
        37.749762
    ],
    [
        51.280943,
        37.750371
    ],
    [
        51.281003,
        37.750759
    ],
    [
        51.281087,
        37.751246
    ],
    [
        51.28114,
        37.751657
    ],
    [
        51.281238,
        37.752321
    ],
    [
        51.281295,
        37.75276
    ],
    [
        51.281432,
        37.753737
    ],
    [
        51.281492,
        37.754285
    ],
    [
        51.281583,
        37.755067
    ],
    [
        51.281633,
        37.755683
    ],
    [
        51.281891,
        37.757978
    ],
    [
        51.282041,
        37.759831
    ],
    [
        51.282115,
        37.761567
    ],
    [
        51.282175,
        37.763106
    ],
    [
        51.282227,
        37.763835
    ],
    [
        51.282348,
        37.765422
    ],
    [
        51.282461,
        37.767033
    ],
    [
        51.28257,
        37.768635
    ],
    [
        51.282718,
        37.770725
    ],
    [
        51.282936,
        37.773113
    ],
    [
        51.283109,
        37.774892
    ],
    [
        51.283256,
        37.776311
    ],
    [
        51.283374,
        37.777458
    ],
    [
        51.283514,
        37.778643
    ],
    [
        51.283652,
        37.779989
    ],
    [
        51.283811,
        37.781396
    ],
    [
        51.283971,
        37.782758
    ],
    [
        51.284092,
        37.784068
    ],
    [
        51.284236,
        37.785278
    ],
    [
        51.284426,
        37.787011
    ],
    [
        51.284426,
        37.787627
    ],
    [
        51.284297,
        37.787884
    ],
    [
        51.2843,
        37.788178
    ],
    [
        51.284404,
        37.78838
    ],
    [
        51.284513,
        37.788505
    ],
    [
        51.284655,
        37.788944
    ],
    [
        51.28472,
        37.789348
    ],
    [
        51.284822,
        37.790136
    ],
    [
        51.284959,
        37.791421
    ],
    [
        51.285112,
        37.792648
    ],
    [
        51.285088,
        37.792981
    ],
    [
        51.285171,
        37.793235
    ],
    [
        51.285261,
        37.79402
    ],
    [
        51.285343,
        37.794721
    ],
    [
        51.285403,
        37.795241
    ],
    [
        51.285056,
        37.79535
    ],
    [
        51.284758,
        37.795432
    ],
    [
        51.284711,
        37.795358
    ],
    [
        51.284654,
        37.795464
    ],
    [
        51.284388,
        37.795529
    ],
    [
        51.284115,
        37.795613
    ],
    [
        51.283792,
        37.795709
    ],
    [
        51.283531,
        37.795819
    ],
    [
        51.283223,
        37.795972
    ],
    [
        51.282976,
        37.796099
    ],
    [
        51.282954,
        37.796075
    ],
    [
        51.282923,
        37.796129
    ],
    [
        51.282814,
        37.796194
    ],
    [
        51.282524,
        37.796438
    ],
    [
        51.282277,
        37.796668
    ],
    [
        51.282095,
        37.796842
    ],
    [
        51.281825,
        37.797101
    ],
    [
        51.281513,
        37.797393
    ],
    [
        51.281272,
        37.797631
    ],
    [
        51.281151,
        37.797745
    ],
    [
        51.280841,
        37.798055
    ],
    [
        51.280636,
        37.798242
    ],
    [
        51.280415,
        37.798454
    ],
    [
        51.280179,
        37.798675
    ],
    [
        51.279839,
        37.799001
    ],
    [
        51.279607,
        37.799229
    ],
    [
        51.279355,
        37.799471
    ],
    [
        51.278995,
        37.799816
    ],
    [
        51.278687,
        37.800107
    ],
    [
        51.278417,
        37.800367
    ],
    [
        51.278005,
        37.800766
    ],
    [
        51.277712,
        37.801041
    ],
    [
        51.277444,
        37.801298
    ],
    [
        51.277408,
        37.801295
    ],
    [
        51.277394,
        37.801352
    ],
    [
        51.276836,
        37.801875
    ],
    [
        51.276316,
        37.802398
    ],
    [
        51.275776,
        37.802928
    ],
    [
        51.275359,
        37.803346
    ],
    [
        51.275048,
        37.803677
    ],
    [
        51.275017,
        37.803793
    ],
    [
        51.275021,
        37.803864
    ],
    [
        51.27507,
        37.803988
    ],
    [
        51.275059,
        37.804065
    ],
    [
        51.275118,
        37.804112
    ],
    [
        51.275548,
        37.805252
    ],
    [
        51.275925,
        37.806242
    ],
    [
        51.276153,
        37.806882
    ],
    [
        51.27613,
        37.806959
    ],
    [
        51.276225,
        37.807083
    ],
    [
        51.27636,
        37.807444
    ],
    [
        51.27658,
        37.808078
    ],
    [
        51.276889,
        37.808574
    ],
    [
        51.27717,
        37.808944
    ],
    [
        51.277642,
        37.809545
    ],
    [
        51.277898,
        37.809856
    ],
    [
        51.278182,
        37.81019
    ],
    [
        51.278365,
        37.810403
    ],
    [
        51.278643,
        37.810756
    ],
    [
        51.278663,
        37.810882
    ],
    [
        51.278654,
        37.811037
    ],
    [
        51.278654,
        37.811206
    ],
    [
        51.278701,
        37.811263
    ],
    [
        51.278983,
        37.811517
    ],
    [
        51.279078,
        37.811557
    ],
    [
        51.279398,
        37.811989
    ],
    [
        51.279721,
        37.81237
    ],
    [
        51.279976,
        37.81274
    ],
    [
        51.280003,
        37.81281
    ],
    [
        51.280011,
        37.812851
    ]
]