[
    [
        51.277637,
        37.726581
    ],
    [
        51.277803,
        37.728399
    ],
    [
        51.27788,
        37.730035
    ],
    [
        51.277942,
        37.731149
    ],
    [
        51.278019,
        37.731899
    ],
    [
        51.278188,
        37.732388
    ],
    [
        51.278414,
        37.732744
    ],
    [
        51.279508,
        37.734016
    ],
    [
        51.279951,
        37.734478
    ],
    [
        51.280131,
        37.734751
    ],
    [
        51.280228,
        37.735053
    ],
    [
        51.280297,
        37.735412
    ],
    [
        51.280337,
        37.735767
    ],
    [
        51.280402,
        37.736948
    ],
    [
        51.280542,
        37.7383
    ],
    [
        51.280589,
        37.738867
    ],
    [
        51.280514,
        37.739005
    ],
    [
        51.280618,
        37.739122
    ],
    [
        51.280649,
        37.739876
    ],
    [
        51.280717,
        37.741138
    ],
    [
        51.280839,
        37.742874
    ],
    [
        51.28089,
        37.743543
    ],
    [
        51.280931,
        37.744598
    ],
    [
        51.28099,
        37.746113
    ],
    [
        51.280931,
        37.748101
    ],
    [
        51.280892,
        37.748732
    ],
    [
        51.280885,
        37.749707
    ],
    [
        51.280951,
        37.750425
    ],
    [
        51.281212,
        37.752095
    ],
    [
        51.281398,
        37.753522
    ],
    [
        51.281806,
        37.757194
    ],
    [
        51.281985,
        37.759127
    ],
    [
        51.282117,
        37.761298
    ],
    [
        51.282166,
        37.762905
    ],
    [
        51.282325,
        37.765032
    ],
    [
        51.282506,
        37.76785
    ],
    [
        51.282661,
        37.769971
    ],
    [
        51.282832,
        37.771803
    ],
    [
        51.283017,
        37.773682
    ],
    [
        51.283326,
        37.776907
    ],
    [
        51.283665,
        37.779907
    ],
    [
        51.283938,
        37.782477
    ],
    [
        51.284228,
        37.785149
    ],
    [
        51.284426,
        37.787011
    ],
    [
        51.284429,
        37.787619
    ],
    [
        51.284302,
        37.787876
    ],
    [
        51.284312,
        37.788182
    ],
    [
        51.284436,
        37.788409
    ],
    [
        51.28456,
        37.78863
    ],
    [
        51.284654,
        37.789019
    ],
    [
        51.284805,
        37.789903
    ],
    [
        51.28502,
        37.791776
    ],
    [
        51.285117,
        37.792615
    ],
    [
        51.285142,
        37.792824
    ],
    [
        51.285092,
        37.792981
    ],
    [
        51.285173,
        37.793032
    ],
    [
        51.285218,
        37.793445
    ],
    [
        51.285296,
        37.794323
    ],
    [
        51.285462,
        37.795745
    ],
    [
        51.285614,
        37.796945
    ],
    [
        51.285751,
        37.798193
    ],
    [
        51.285884,
        37.799325
    ],
    [
        51.285979,
        37.800121
    ],
    [
        51.286147,
        37.801578
    ],
    [
        51.286195,
        37.801977
    ],
    [
        51.286176,
        37.802046
    ],
    [
        51.286228,
        37.802217
    ],
    [
        51.286299,
        37.802801
    ],
    [
        51.286374,
        37.803467
    ],
    [
        51.286457,
        37.804194
    ],
    [
        51.28654,
        37.804853
    ],
    [
        51.286618,
        37.805438
    ],
    [
        51.286682,
        37.806023
    ],
    [
        51.286761,
        37.806696
    ],
    [
        51.286823,
        37.807226
    ],
    [
        51.286888,
        37.807704
    ],
    [
        51.286958,
        37.808252
    ],
    [
        51.286939,
        37.808485
    ],
    [
        51.286997,
        37.80861
    ],
    [
        51.287072,
        37.80922
    ],
    [
        51.287115,
        37.809754
    ],
    [
        51.287234,
        37.810606
    ],
    [
        51.287348,
        37.81165
    ],
    [
        51.287396,
        37.812141
    ],
    [
        51.287434,
        37.812465
    ],
    [
        51.287396,
        37.81253
    ],
    [
        51.287463,
        37.812658
    ],
    [
        51.287541,
        37.813303
    ],
    [
        51.287614,
        37.813901
    ],
    [
        51.287683,
        37.814503
    ],
    [
        51.28775,
        37.815058
    ],
    [
        51.287818,
        37.815752
    ],
    [
        51.287847,
        37.816164
    ],
    [
        51.287851,
        37.816689
    ],
    [
        51.287825,
        37.817152
    ],
    [
        51.28776,
        37.81769
    ],
    [
        51.287674,
        37.818172
    ],
    [
        51.287575,
        37.818725
    ],
    [
        51.28746,
        37.819331
    ],
    [
        51.28736,
        37.819499
    ],
    [
        51.287416,
        37.819625
    ],
    [
        51.287339,
        37.81989
    ],
    [
        51.28711,
        37.82047
    ],
    [
        51.286947,
        37.820837
    ],
    [
        51.286777,
        37.820718
    ],
    [
        51.286416,
        37.820255
    ],
    [
        51.286402,
        37.820189
    ],
    [
        51.286348,
        37.820169
    ],
    [
        51.285954,
        37.819696
    ],
    [
        51.285648,
        37.819289
    ],
    [
        51.285381,
        37.818948
    ],
    [
        51.285171,
        37.8187
    ],
    [
        51.284985,
        37.818465
    ],
    [
        51.284709,
        37.818113
    ],
    [
        51.284508,
        37.817866
    ],
    [
        51.284295,
        37.817588
    ],
    [
        51.284066,
        37.817318
    ],
    [
        51.28382,
        37.816996
    ],
    [
        51.283656,
        37.816791
    ],
    [
        51.283306,
        37.816369
    ],
    [
        51.283012,
        37.815999
    ],
    [
        51.282719,
        37.815633
    ],
    [
        51.282457,
        37.815297
    ],
    [
        51.282265,
        37.815061
    ],
    [
        51.282185,
        37.814964
    ],
    [
        51.28217,
        37.814907
    ],
    [
        51.282086,
        37.814837
    ],
    [
        51.28171,
        37.814388
    ],
    [
        51.281425,
        37.814022
    ],
    [
        51.281096,
        37.813623
    ],
    [
        51.280852,
        37.81333
    ],
    [
        51.280578,
        37.812967
    ],
    [
        51.280324,
        37.812638
    ],
    [
        51.280158,
        37.81243
    ],
    [
        51.279942,
        37.81215
    ],
    [
        51.279729,
        37.811878
    ],
    [
        51.279727,
        37.811826
    ],
    [
        51.279673,
        37.811802
    ],
    [
        51.279406,
        37.811485
    ],
    [
        51.279223,
        37.811304
    ],
    [
        51.279096,
        37.811252
    ],
    [
        51.278919,
        37.81102
    ],
    [
        51.278766,
        37.810907
    ],
    [
        51.278661,
        37.810975
    ],
    [
        51.27862,
        37.811065
    ],
    [
        51.278518,
        37.811107
    ],
    [
        51.278221,
        37.810964
    ],
    [
        51.277755,
        37.810618
    ],
    [
        51.277196,
        37.810278
    ],
    [
        51.276788,
        37.810001
    ],
    [
        51.276355,
        37.809721
    ],
    [
        51.27595,
        37.809454
    ],
    [
        51.275315,
        37.809022
    ],
    [
        51.274656,
        37.808595
    ],
    [
        51.274223,
        37.808309
    ],
    [
        51.273768,
        37.80799
    ],
    [
        51.27333,
        37.807732
    ],
    [
        51.272957,
        37.807481
    ],
    [
        51.272614,
        37.807237
    ],
    [
        51.27247,
        37.807118
    ],
    [
        51.272196,
        37.806708
    ],
    [
        51.272057,
        37.806324
    ],
    [
        51.272037,
        37.806133
    ],
    [
        51.271925,
        37.805964
    ],
    [
        51.271816,
        37.80594
    ],
    [
        51.271718,
        37.80594
    ],
    [
        51.271672,
        37.805881
    ],
    [
        51.271367,
        37.805523
    ],
    [
        51.271013,
        37.804814
    ],
    [
        51.270489,
        37.803827
    ],
    [
        51.269921,
        37.802779
    ],
    [
        51.269222,
        37.801504
    ],
    [
        51.267391,
        37.798189
    ],
    [
        51.266274,
        37.796093
    ],
    [
        51.26445,
        37.793993
    ],
    [
        51.262673,
        37.791979
    ],
    [
        51.261738,
        37.790939
    ],
    [
        51.259888,
        37.788914
    ],
    [
        51.259219,
        37.788156
    ],
    [
        51.258647,
        37.787483
    ],
    [
        51.257968,
        37.786423
    ],
    [
        51.257072,
        37.784735
    ],
    [
        51.256404,
        37.78348
    ],
    [
        51.255739,
        37.782184
    ],
    [
        51.255149,
        37.78102
    ],
    [
        51.253766,
        37.77832
    ],
    [
        51.252859,
        37.776532
    ],
    [
        51.252861,
        37.776435
    ],
    [
        51.25315,
        37.774177
    ],
    [
        51.253385,
        37.772263
    ],
    [
        51.253467,
        37.770958
    ],
    [
        51.253428,
        37.7691
    ],
    [
        51.253244,
        37.768739
    ],
    [
        51.252596,
        37.768806
    ],
    [
        51.252081,
        37.768618
    ],
    [
        51.250895,
        37.767507
    ],
    [
        51.24882,
        37.768159
    ],
    [
        51.248582,
        37.768127
    ],
    [
        51.24842,
        37.767971
    ],
    [
        51.247607,
        37.766479
    ],
    [
        51.247058,
        37.765902
    ],
    [
        51.246785,
        37.765418
    ],
    [
        51.24655,
        37.764694
    ],
    [
        51.246095,
        37.762967
    ],
    [
        51.245775,
        37.761577
    ],
    [
        51.245504,
        37.760307
    ],
    [
        51.24526,
        37.759119
    ],
    [
        51.244977,
        37.757874
    ],
    [
        51.244797,
        37.757037
    ],
    [
        51.244619,
        37.756735
    ],
    [
        51.244336,
        37.75659
    ],
    [
        51.24374,
        37.756932
    ],
    [
        51.243284,
        37.757229
    ],
    [
        51.243061,
        37.757435
    ],
    [
        51.242929,
        37.757736
    ],
    [
        51.242895,
        37.758072
    ],
    [
        51.242948,
        37.75838
    ],
    [
        51.243136,
        37.759162
    ],
    [
        51.243303,
        37.759812
    ],
    [
        51.243428,
        37.760305
    ],
    [
        51.243588,
        37.760951
    ],
    [
        51.243722,
        37.761481
    ],
    [
        51.243794,
        37.762519
    ],
    [
        51.243845,
        37.763539
    ],
    [
        51.243874,
        37.76396
    ]
]