[
    [
        51.28769608116548,
        37.81823136773201
    ],
    [
        51.28786172586538,
        37.81698470781038
    ],
    [
        51.28780717503949,
        37.815424794259286
    ],
    [
        51.287495876102355,
        37.81272807903841
    ],
    [
        51.287166859856,
        37.80986933810351
    ],
    [
        51.286844049194116,
        37.80717898799426
    ],
    [
        51.28650514376932,
        37.80441425719121
    ],
    [
        51.28542177615651,
        37.79522098047801
    ],
    [
        51.28415395331689,
        37.79561669404606
    ],
    [
        51.283406033144814,
        37.79587955129273
    ],
    [
        51.28271349311396,
        37.79628271452185
    ],
    [
        51.28181841534976,
        37.79712827967202
    ],
    [
        51.280631240751745,
        37.79827414342623
    ],
    [
        51.280387651247764,
        37.79848921411249
    ],
    [
        51.27502342135472,
        37.80373374778395
    ],
    [
        51.27503823772713,
        37.803880840839014
    ],
    [
        51.275642465104255,
        37.805492940090346
    ],
    [
        51.27661086319324,
        37.80812119098741
    ],
    [
        51.27754372185069,
        37.80942244262704
    ],
    [
        51.27862182099528,
        37.81071166282078
    ],
    [
        51.278676154076265,
        37.810930546986214
    ],
    [
        51.27862834096845,
        37.81105909800337
    ],
    [
        51.27851315464022,
        37.811111213281606
    ],
    [
        51.27829582115896,
        37.811006982726354
    ],
    [
        51.2767868096187,
        37.81000572595596
    ],
    [
        51.27582760966493,
        37.8093666783584
    ],
    [
        51.274404250459725,
        37.808429052447565
    ],
    [
        51.273281107503976,
        37.80771198257932
    ],
    [
        51.272483445728255,
        37.80715486415298
    ],
    [
        51.272239737997296,
        37.806800166181546
    ],
    [
        51.27206970415162,
        37.80635823752115
    ],
    [
        51.27201753689397,
        37.806097661133606
    ],
    [
        51.27189798670537,
        37.8059725844673
    ],
    [
        51.27176974161165,
        37.805934366597285
    ],
    [
        51.27165671174055,
        37.80587877696698
    ],
    [
        51.271335009817335,
        37.80545490604311
    ],
    [
        51.270023154613625,
        37.80298136601513
    ],
    [
        51.26695978672652,
        37.79734411951489
    ],
    [
        51.266277530024524,
        37.79609690795144
    ],
    [
        51.265642384781586,
        37.795320146942004
    ],
    [
        51.262287617563544,
        37.79159266928829
    ],
    [
        51.258741435123625,
        37.78761178068385
    ],
    [
        51.25849838392742,
        37.787249879531174
    ],
    [
        51.257945990733646,
        37.7863848502262
    ],
    [
        51.25599046548945,
        37.782704062261075
    ],
    [
        51.252881299955845,
        37.77654721339516
    ],
    [
        51.252947595768376,
        37.77566452636901
    ],
    [
        51.25338403438826,
        37.77228385061295
    ],
    [
        51.25347242651438,
        37.77106574809494
    ],
    [
        51.25345032849859,
        37.769538706565186
    ],
    [
        51.25341718145472,
        37.7690973650825
    ],
    [
        51.25330116661314,
        37.76880607970361
    ],
    [
        51.25319067601595,
        37.76875311872709
    ],
    [
        51.25259401877338,
        37.76879726221031
    ],
    [
        51.252102326015205,
        37.76862955244624
    ],
    [
        51.25088135793325,
        37.76748206499474
    ],
    [
        51.24879845554986,
        37.768179385170896
    ],
    [
        51.24850562535369,
        37.76804698164156
    ],
    [
        51.24834539719188,
        37.767799830410524
    ],
    [
        51.24757187407431,
        37.76644049864484
    ],
    [
        51.24705802633204,
        37.76591971550096
    ],
    [
        51.2467375593628,
        37.76532831791451
    ],
    [
        51.24594743298408,
        37.762344849491825
    ],
    [
        51.2455053991892,
        37.76034115632001
    ],
    [
        51.24479172185215,
        37.757015837435745
    ],
    [
        51.244548597423886,
        37.756676119525764
    ],
    [
        51.244333099501716,
        37.756631985377936
    ],
    [
        51.24393525453081,
        37.756835002459695
    ],
    [
        51.24338821207709,
        37.757161595156276
    ],
    [
        51.243091674746694,
        37.75740142349065
    ],
    [
        51.24304123785436,
        37.75745159718676
    ],
    [
        51.24292188828065,
        37.757769961647
    ],
    [
        51.24289871357004,
        37.75808647515157
    ],
    [
        51.242979846801575,
        37.758520617576636
    ],
    [
        51.24330892487373,
        37.75984404845633
    ],
    [
        51.24371550539496,
        37.76146213304676
    ],
    [
        51.24375633050769,
        37.76189116483593
    ],
    [
        51.24383512300628,
        37.763362674987405
    ],
    [
        51.24387567876323,
        37.76399570743118
    ]
]