[
    [
        51.24387144251875,
        37.76398525456696
    ],
    [
        51.24377745765912,
        37.76231626486717
    ],
    [
        51.243718349439604,
        37.76147634353694
    ],
    [
        51.24342326961167,
        37.7602934110306
    ],
    [
        51.243100440824776,
        37.75902016680172
    ],
    [
        51.24294651343055,
        37.75835563182906
    ],
    [
        51.2429089839479,
        37.75814371781078
    ],
    [
        51.24289414670221,
        37.75806146171104
    ],
    [
        51.242930803418005,
        37.75773383148578
    ],
    [
        51.243051246708404,
        37.757438267196875
    ],
    [
        51.2432528575967,
        37.757259813286794
    ],
    [
        51.24393712681038,
        37.756832833693124
    ],
    [
        51.244342975101745,
        37.756622726559215
    ],
    [
        51.24456488357899,
        37.75668509805678
    ],
    [
        51.244791696771046,
        37.75703893712284
    ],
    [
        51.24496973605889,
        37.75785870977293
    ],
    [
        51.24517285951271,
        37.75875996316071
    ],
    [
        51.245676034614206,
        37.76115249017474
    ],
    [
        51.24597985631195,
        37.762526059634126
    ],
    [
        51.2464341192034,
        37.7642734828907
    ],
    [
        51.24671367918822,
        37.76526117725737
    ],
    [
        51.24706413741578,
        37.76592466468918
    ],
    [
        51.24752838030105,
        37.76640886624574
    ],
    [
        51.24764975089761,
        37.766561397986436
    ],
    [
        51.24792161987165,
        37.76706552831868
    ],
    [
        51.24847140109762,
        37.76802669351284
    ],
    [
        51.248752974617844,
        37.7681688841196
    ],
    [
        51.248950398701226,
        37.768130104861996
    ],
    [
        51.25002651274022,
        37.767796751133716
    ],
    [
        51.25091553425551,
        37.76753007759663
    ],
    [
        51.25181999209002,
        37.76838596190811
    ],
    [
        51.252112266478036,
        37.76863745022362
    ],
    [
        51.25264462338026,
        37.768818420086376
    ],
    [
        51.25317697411896,
        37.76877447026263
    ],
    [
        51.25326692452654,
        37.76877716608794
    ],
    [
        51.25341255102981,
        37.76910808240828
    ],
    [
        51.25345785695882,
        37.76973630636087
    ],
    [
        51.25346432923058,
        37.77030248350323
    ],
    [
        51.253474989149396,
        37.771005111341225
    ],
    [
        51.253384377280014,
        37.77235980002945
    ],
    [
        51.25328405678823,
        37.77308885004817
    ],
    [
        51.2530237411338,
        37.77514283599939
    ],
    [
        51.252860255211175,
        37.77648255180526
    ],
    [
        51.25330360949576,
        37.77742876565958
    ],
    [
        51.25424391795565,
        37.77928282749747
    ],
    [
        51.255439876170726,
        37.78162507049316
    ],
    [
        51.25647498124971,
        37.78363430816097
    ],
    [
        51.257369040509104,
        37.785273213678295
    ],
    [
        51.25829793377105,
        37.78697607767958
    ],
    [
        51.25869701868393,
        37.787544987561546
    ],
    [
        51.25966612081643,
        37.78864373315653
    ],
    [
        51.26072307009713,
        37.7898303914684
    ],
    [
        51.261683478343514,
        37.79089669529671
    ],
    [
        51.262708402735115,
        37.792047907673094
    ],
    [
        51.26272762845798,
        37.792106037171834
    ],
    [
        51.263395773039406,
        37.79282368008637
    ],
    [
        51.26442089602739,
        37.79394942147147
    ],
    [
        51.2653322137553,
        37.79498029226568
    ],
    [
        51.266252931851085,
        37.796071733501265
    ],
    [
        51.26720248706249,
        37.7978174459264
    ],
    [
        51.26821899317795,
        37.799687207276946
    ],
    [
        51.269238329713545,
        37.80155971133192
    ],
    [
        51.27004594406719,
        37.8030276225939
    ],
    [
        51.27106954153538,
        37.80490225790521
    ],
    [
        51.27141729082584,
        37.80560337454372
    ],
    [
        51.2715384922615,
        37.806149254153354
    ],
    [
        51.2715384922615,
        37.8064336197088
    ],
    [
        51.271596747884246,
        37.806654018609265
    ],
    [
        51.2717004401276,
        37.806766493988306
    ],
    [
        51.271828659360665,
        37.80679914838586
    ],
    [
        51.27197829096568,
        37.80677507198166
    ],
    [
        51.272136420677754,
        37.80687049380384
    ],
    [
        51.27253694695085,
        37.807195044107715
    ],
    [
        51.2729413408685,
        37.80750209770906
    ],
    [
        51.27337997890203,
        37.807799724841146
    ],
    [
        51.27396892160169,
        37.80817210063728
    ],
    [
        51.27455758483782,
        37.80854826395148
    ],
    [
        51.27520141079373,
        37.80898058982402
    ],
    [
        51.27851685238369,
        37.811139801284554
    ],
    [
        51.278517261484865,
        37.8111394083231
    ],
    [
        51.27910191161703,
        37.81158333534401
    ],
    [
        51.280071195839184,
        37.81284570131973
    ]
]