[
    [
        51.324266830708154,
        37.88234287235048
    ],
    [
        51.32344164733365,
        37.88321899193619
    ],
    [
        51.32287895495904,
        37.883844398938265
    ],
    [
        51.32215451510413,
        37.88470187464799
    ],
    [
        51.32138856944076,
        37.88556875380817
    ],
    [
        51.32068647798991,
        37.886356533864074
    ],
    [
        51.31993867390864,
        37.887183882451865
    ],
    [
        51.31910144876002,
        37.88810158650858
    ],
    [
        51.31827331769378,
        37.88900628973292
    ],
    [
        51.31767126403483,
        37.88966096020687
    ],
    [
        51.31755598464221,
        37.88969030392391
    ],
    [
        51.317480004884175,
        37.88976785517994
    ],
    [
        51.31743808496404,
        37.889927149649196
    ],
    [
        51.317328044990575,
        37.8900717722606
    ],
    [
        51.317023455338614,
        37.89042156482387
    ],
    [
        51.31612703772814,
        37.89142458122305
    ],
    [
        51.31563297059398,
        37.891947952165765
    ],
    [
        51.31513180553529,
        37.892503720561535
    ],
    [
        51.31504174300923,
        37.89259656935482
    ],
    [
        51.31498147990882,
        37.892598665334134
    ],
    [
        51.31492514693886,
        37.892648968851006
    ],
    [
        51.314898945534225,
        37.892739095985576
    ],
    [
        51.314783659174964,
        37.89288791055699
    ],
    [
        51.31458145718335,
        37.893118611017144
    ],
    [
        51.31374845808688,
        37.89404410112664
    ],
    [
        51.31304954758943,
        37.89481678134197
    ],
    [
        51.31247193403547,
        37.89545653442303
    ],
    [
        51.31187738733075,
        37.896116738312315
    ],
    [
        51.311580436078316,
        37.89643411720209
    ],
    [
        51.31153064976721,
        37.89643621318277
    ],
    [
        51.31147824306538,
        37.89649909257824
    ],
    [
        51.31140356341186,
        37.89663533126969
    ],
    [
        51.31093873998918,
        37.89715163289358
    ],
    [
        51.31062535196827,
        37.89749774835488
    ],
    [
        51.311202761099,
        37.89882676789071
    ],
    [
        51.31185790175729,
        37.90030868977118
    ],
    [
        51.311882807666024,
        37.90045909979352
    ],
    [
        51.311940252733564,
        37.9005981284337
    ],
    [
        51.31202273783353,
        37.90065703887359
    ],
    [
        51.3123394203206,
        37.901373389828876
    ],
    [
        51.313004507769136,
        37.90293534603353
    ],
    [
        51.31379398589661,
        37.9048134149848
    ],
    [
        51.3138218024699,
        37.90503134411202
    ],
    [
        51.313801182017784,
        37.90515859066426
    ],
    [
        51.313609705945254,
        37.90540601451312
    ],
    [
        51.31354342558032,
        37.90536359899676
    ],
    [
        51.313474199312765,
        37.90543900438644
    ],
    [
        51.31343629923694,
        37.90559731534978
    ],
    [
        51.31326249653057,
        37.905778759506376
    ],
    [
        51.31268281637935,
        37.90645491053817
    ],
    [
        51.31211320825341,
        37.90708520164122
    ],
    [
        51.311528364608705,
        37.90772573234872
    ],
    [
        51.31075982662534,
        37.90856524172821
    ],
    [
        51.31024608754154,
        37.90911882130345
    ],
    [
        51.31016801826749,
        37.90906462369753
    ],
    [
        51.310081110806095,
        37.9091942266667
    ],
    [
        51.310047231581706,
        37.9093615323184
    ],
    [
        51.30961023805736,
        37.909825352830836
    ],
    [
        51.30905798673061,
        37.91037546844095
    ],
    [
        51.308630980805134,
        37.91073075494907
    ],
    [
        51.30855585489081,
        37.910768457628535
    ],
    [
        51.30846747131497,
        37.91054695437259
    ],
    [
        51.30829079101099,
        37.91017636535892
    ],
    [
        51.308094872723245,
        37.9098064077933
    ],
    [
        51.307821775358065,
        37.909234126192416
    ],
    [
        51.30741366613725,
        37.90828182736615
    ],
    [
        51.307409246852274,
        37.90811923455158
    ],
    [
        51.30734884991821,
        37.907958998154015
    ],
    [
        51.30724425991798,
        37.907895374877086
    ],
    [
        51.306658200463346,
        37.90655660558238
    ],
    [
        51.30540464078314,
        37.90367650526255
    ],
    [
        51.30441846800079,
        37.901478580814995
    ],
    [
        51.30359158987656,
        37.899432650257495
    ],
    [
        51.303607429865565,
        37.899339766694624
    ],
    [
        51.30356204706251,
        37.89923279199735
    ],
    [
        51.30346769845937,
        37.89920604832275
    ],
    [
        51.303157476729524,
        37.898513362851475
    ],
    [
        51.30261205312897,
        37.89726724397599
    ],
    [
        51.3015638956808,
        37.89486445877043
    ],
    [
        51.30158405594008,
        37.894751601263636
    ],
    [
        51.3015282275083,
        37.89464494471949
    ],
    [
        51.3014287336857,
        37.89456009252626
    ],
    [
        51.30108796460556,
        37.89377633721992
    ],
    [
        51.300856264114685,
        37.893240148915766
    ],
    [
        51.30053751030786,
        37.89253275976199
    ],
    [
        51.30039405863445,
        37.89219542626057
    ],
    [
        51.300346259038804,
        37.891894681411145
    ],
    [
        51.300412870665696,
        37.891642864035674
    ],
    [
        51.30063894576918,
        37.891355533952435
    ],
    [
        51.30100833394377,
        37.89094229518142
    ],
    [
        51.30137863369299,
        37.89054083165448
    ],
    [
        51.301817224866426,
        37.89003615845266
    ],
    [
        51.302326604985154,
        37.88949772907674
    ],
    [
        51.30255693279477,
        37.889249767136306
    ],
    [
        51.30262148564839,
        37.889176229148006
    ],
    [
        51.30265631628731,
        37.88919999900202
    ],
    [
        51.30272411985524,
        37.88913240347827
    ],
    [
        51.30274734023263,
        37.88901652543731
    ],
    [
        51.3029615782022,
        37.88878650185157
    ],
    [
        51.30355907329391,
        37.88811330118796
    ],
    [
        51.304254989939665,
        37.887350722846776
    ],
    [
        51.30483671854313,
        37.88669345264418
    ],
    [
        51.30555965844161,
        37.88591046478703
    ],
    [
        51.30667418533923,
        37.884666495109286
    ],
    [
        51.30740843314396,
        37.88386653737746
    ],
    [
        51.30817052555767,
        37.882987727554365
    ],
    [
        51.30823996943053,
        37.88301916725345
    ],
    [
        51.30831989526743,
        37.88291856021965
    ],
    [
        51.30836444403394,
        37.88277812956818
    ],
    [
        51.30902320338427,
        37.88207571765227
    ],
    [
        51.309666058294084,
        37.88136222023408
    ],
    [
        51.31045871779145,
        37.88046521107401
    ],
    [
        51.31112791938526,
        37.87970806734276
    ],
    [
        51.31087679163795,
        37.87908373427459
    ],
    [
        51.30971207500755,
        37.87636577343426
    ],
    [
        51.30972856421164,
        37.87624241039509
    ],
    [
        51.30968217010235,
        37.87617470323849
    ],
    [
        51.309575544865226,
        37.87606012189755
    ],
    [
        51.30874042034719,
        37.87403762259527
    ],
    [
        51.30874309202065,
        37.87397351510148
    ],
    [
        51.30870836025005,
        37.8738752169435
    ],
    [
        51.308613515664945,
        37.873775850326865
    ],
    [
        51.30845251537585,
        37.87340367153766
    ],
    [
        51.308224439972605,
        37.872875553617035
    ],
    [
        51.307904949988085,
        37.87216693258986
    ],
    [
        51.307714589422375,
        37.87169467310525
    ],
    [
        51.30750198650799,
        37.87118134533765
    ],
    [
        51.307433856877395,
        37.870935600826755
    ],
    [
        51.307366395142935,
        37.87041739857895
    ],
    [
        51.30727568097589,
        37.8692596598236
    ],
    [
        51.307195093911105,
        37.868322248784295
    ],
    [
        51.30714598659702,
        37.86785497953289
    ],
    [
        51.30708076780209,
        37.86701666336711
    ],
    [
        51.30705063228319,
        37.86633488788152
    ],
    [
        51.30702465856015,
        37.86566073492722
    ],
    [
        51.30700828865599,
        37.86498298306543
    ],
    [
        51.30697773353819,
        37.86427855945726
    ],
    [
        51.30698842951955,
        37.86384691898206
    ],
    [
        51.307024773551205,
        37.86371033464698
    ],
    [
        51.307012929570504,
        37.86359586976485
    ],
    [
        51.30697246261332,
        37.86345219660146
    ],
    [
        51.306960747688805,
        37.86296318337159
    ],
    [
        51.30697311020708,
        37.86255445501118
    ],
    [
        51.30708539347424,
        37.86190958441617
    ],
    [
        51.307289805620826,
        37.86126762647942
    ],
    [
        51.307508587826106,
        37.860694502206655
    ],
    [
        51.307663535671935,
        37.86012454522745
    ],
    [
        51.30775946637857,
        37.85957248680714
    ],
    [
        51.30778941577833,
        37.85894979766806
    ],
    [
        51.30776523473551,
        37.85809249669049
    ],
    [
        51.307679764296665,
        37.85754797218627
    ],
    [
        51.30755411369262,
        37.857085792723495
    ],
    [
        51.30734968423775,
        37.85634992762252
    ],
    [
        51.30715681244567,
        37.85578867873241
    ],
    [
        51.306969268213294,
        37.85522737877491
    ],
    [
        51.30676526183208,
        37.85452871220883
    ],
    [
        51.306560387234214,
        37.85394589441185
    ],
    [
        51.306362608236384,
        37.853322461574095
    ],
    [
        51.30616367394319,
        37.85272710220275
    ],
    [
        51.305949951083875,
        37.85210674302547
    ],
    [
        51.305700327954725,
        37.85157099122796
    ],
    [
        51.30545026743809,
        37.85107271563069
    ],
    [
        51.30523153583263,
        37.85063984104312
    ],
    [
        51.30510641841616,
        37.8503795434215
    ],
    [
        51.305118152550136,
        37.850311102264186
    ],
    [
        51.30507032711756,
        37.850226395372005
    ],
    [
        51.304967439903976,
        37.85017787526979
    ],
    [
        51.30466584918602,
        37.849672786264534
    ],
    [
        51.30437674528429,
        37.8492215091411
    ],
    [
        51.30437798057585,
        37.8492210472387
    ],
    [
        51.30406250475167,
        37.8487880348909
    ],
    [
        51.30378916132008,
        37.848343434643084
    ],
    [
        51.30348910201113,
        37.84782471875391
    ],
    [
        51.30325225065042,
        37.847404046879944
    ],
    [
        51.30301471701756,
        37.847011908399196
    ],
    [
        51.30271454860278,
        37.84654522391867
    ],
    [
        51.302460593848,
        37.8461997600146
    ],
    [
        51.302460007416016,
        37.846198566489306
    ],
    [
        51.30229629467013,
        37.84604827764625
    ],
    [
        51.30202434816479,
        37.84575433678154
    ],
    [
        51.30177047428339,
        37.845447215810026
    ],
    [
        51.301491921949264,
        37.84508759541848
    ],
    [
        51.301255692359035,
        37.844738214526274
    ],
    [
        51.300976025435546,
        37.844253691860615
    ],
    [
        51.30075274135899,
        37.84382879589586
    ],
    [
        51.29919477284125,
        37.840630955811065
    ],
    [
        51.29739988291939,
        37.83664124874488
    ],
    [
        51.29672492908682,
        37.83512804199475
    ],
    [
        51.29652971837808,
        37.834567895700815
    ],
    [
        51.29640331770457,
        37.834277225819875
    ],
    [
        51.296375848298936,
        37.83420822498647
    ],
    [
        51.296377244894444,
        37.83412836543533
    ],
    [
        51.296348264388826,
        37.83404616395984
    ],
    [
        51.29628731900988,
        37.8340222752941
    ],
    [
        51.29614803450602,
        37.83374041605998
    ],
    [
        51.29588063096301,
        37.83316425120353
    ],
    [
        51.29561003166094,
        37.83251380951103
    ],
    [
        51.29541931432621,
        37.832066456560426
    ],
    [
        51.29513774031136,
        37.83133740558452
    ],
    [
        51.294751077319205,
        37.830512232522494
    ],
    [
        51.294438219434966,
        37.829986737796105
    ],
    [
        51.29410630615354,
        37.82951609454565
    ],
    [
        51.293743807665294,
        37.829017307566374
    ],
    [
        51.293405333462744,
        37.828572576011794
    ],
    [
        51.29306536946905,
        37.828136930951246
    ],
    [
        51.292790333473334,
        37.827774210294564
    ],
    [
        51.292443779266165,
        37.8273178011672
    ],
    [
        51.292123425673736,
        37.826912409807306
    ],
    [
        51.291954387972595,
        37.82669302028441
    ],
    [
        51.29105121726829,
        37.82563498349418
    ],
    [
        51.29028322705267,
        37.824833641862824
    ],
    [
        51.289651637205935,
        37.824187208516435
    ],
    [
        51.28960159939027,
        37.8241252884184
    ],
    [
        51.28959220481869,
        37.82403129813815
    ],
    [
        51.289531824445845,
        37.82395561155798
    ],
    [
        51.28945978059613,
        37.82398262997194
    ],
    [
        51.28903270665478,
        37.823505874384324
    ],
    [
        51.28854194382083,
        37.822937552995256
    ],
    [
        51.28812714517977,
        37.8224750939614
    ],
    [
        51.28783530043452,
        37.822138512349994
    ],
    [
        51.28772588879514,
        37.82189400382791
    ],
    [
        51.287668421803744,
        37.821616449207056
    ],
    [
        51.28755400819611,
        37.82091579545647
    ],
    [
        51.28746264853294,
        37.82041236921981
    ],
    [
        51.28738007171526,
        37.82030548942845
    ],
    [
        51.287291599636035,
        37.82030204655166
    ],
    [
        51.287151605081505,
        37.820394743579016
    ],
    [
        51.28705700183136,
        37.82061020983028
    ],
    [
        51.28695611839376,
        37.820859843981054
    ],
    [
        51.28659767014622,
        37.820512660810635
    ],
    [
        51.28640895204822,
        37.82026150165754
    ],
    [
        51.28642261556345,
        37.82018317473026
    ],
    [
        51.28635044742816,
        37.820108455471
    ],
    [
        51.28625361321696,
        37.82008007583852
    ],
    [
        51.28597869029534,
        37.81972271455436
    ],
    [
        51.28570063590189,
        37.819366951421955
    ],
    [
        51.28539819791652,
        37.81895567263746
    ],
    [
        51.28511005993974,
        37.818633650532036
    ],
    [
        51.28487822149788,
        37.81832884622057
    ],
    [
        51.284472952202634,
        37.81783586889557
    ],
    [
        51.284103460425854,
        37.8173913451908
    ],
    [
        51.28377267820204,
        37.816935245734044
    ],
    [
        51.28350069609783,
        37.81662570746502
    ],
    [
        51.28325263512542,
        37.816323740554054
    ],
    [
        51.283034241040525,
        37.816040474019445
    ],
    [
        51.28271818642082,
        37.815657659058786
    ],
    [
        51.282478043508746,
        37.81534613168904
    ],
    [
        51.28225135915224,
        37.815065289999694
    ],
    [
        51.28200898120028,
        37.81477194237314
    ],
    [
        51.2815718289572,
        37.814244225223376
    ],
    [
        51.28120951219009,
        37.81379018362057
    ],
    [
        51.28120964707563,
        37.81378997064098
    ],
    [
        51.280644454422344,
        37.813075991333676
    ],
    [
        51.28016963697337,
        37.81245791486046
    ],
    [
        51.27976345669802,
        37.811933890759065
    ],
    [
        51.27974555365657,
        37.8118367258196
    ],
    [
        51.27964676772055,
        37.811712804346485
    ],
    [
        51.27951935582206,
        37.81166323148753
    ],
    [
        51.27917759517169,
        37.81128912147372
    ],
    [
        51.27896346069949,
        37.81113700705234
    ],
    [
        51.27878165446924,
        37.810917769280906
    ],
    [
        51.27871061720097,
        37.81092206620326
    ],
    [
        51.27864714228369,
        37.81100441451383
    ],
    [
        51.278607360481004,
        37.811072079251886
    ],
    [
        51.27850750010546,
        37.81113099101614
    ],
    [
        51.278079992296114,
        37.8108512362854
    ],
    [
        51.277720472673906,
        37.81061010293254
    ],
    [
        51.27732492088529,
        37.810351168320636
    ],
    [
        51.27694571437917,
        37.81010677980598
    ],
    [
        51.27647516927192,
        37.80979445878202
    ],
    [
        51.27612263056497,
        37.809568793991275
    ],
    [
        51.275601568739916,
        37.80922724363208
    ],
    [
        51.27516587168634,
        37.80894188598066
    ],
    [
        51.27475574811001,
        37.80867630948751
    ],
    [
        51.274322675289056,
        37.80838568720705
    ],
    [
        51.273855512075386,
        37.80806212673576
    ],
    [
        51.273376317172165,
        37.80776191777039
    ],
    [
        51.272880447896455,
        37.80742659892786
    ],
    [
        51.272494700153146,
        37.80715464395453
    ],
    [
        51.27229625202662,
        37.806900364741125
    ],
    [
        51.27207727014695,
        37.806393794133584
    ],
    [
        51.27203402657602,
        37.80613562336379
    ],
    [
        51.27190474903003,
        37.805967842545925
    ],
    [
        51.271755214926316,
        37.80593182645555
    ],
    [
        51.27168232995592,
        37.80590807346738
    ],
    [
        51.27157552136583,
        37.80576230509487
    ],
    [
        51.27138839024994,
        37.80553473236134
    ],
    [
        51.27115447994515,
        37.80506614855497
    ],
    [
        51.27101993585188,
        37.80481633947903
    ],
    [
        51.271024488578746,
        37.80472352712417
    ],
    [
        51.27098111749103,
        37.80465616005483
    ],
    [
        51.2709036400621,
        37.80462455411816
    ],
    [
        51.27051546262871,
        37.803890553889374
    ],
    [
        51.270067691337545,
        37.80306526920043
    ],
    [
        51.26953174311356,
        37.80206859285849
    ],
    [
        51.26906533643273,
        37.80120966582703
    ],
    [
        51.268499400082476,
        37.80018429451684
    ],
    [
        51.2678920918257,
        37.79906388449672
    ],
    [
        51.26725058069553,
        37.79788210794064
    ],
    [
        51.266589445007526,
        37.79666270787959
    ],
    [
        51.26622737171019,
        37.79602978180344
    ],
    [
        51.26587565475779,
        37.795583136690425
    ],
    [
        51.26524473290155,
        37.794866335975826
    ],
    [
        51.26524482731699,
        37.79486720537551
    ],
    [
        51.26442405256242,
        37.79396658669819
    ],
    [
        51.264424479950634,
        37.79396780771441
    ],
    [
        51.26399286508084,
        37.793483472807225
    ],
    [
        51.263582181598764,
        37.793018446941204
    ],
    [
        51.26318270329904,
        37.79255428095615
    ],
    [
        51.262621531273425,
        37.79193716134594
    ],
    [
        51.26215161085386,
        37.791419947951056
    ],
    [
        51.26176550720197,
        37.790984710594586
    ],
    [
        51.26135131696395,
        37.790505513136765
    ],
    [
        51.26093111296615,
        37.79003782520121
    ],
    [
        51.260269664832464,
        37.78930766970879
    ],
    [
        51.259824414539224,
        37.78881806327348
    ],
    [
        51.259397602590354,
        37.788347954318965
    ],
    [
        51.258594513135876,
        37.78741910220117
    ],
    [
        51.257884533831145,
        37.78627782961985
    ],
    [
        51.254678970840956,
        37.780135920962465
    ],
    [
        51.252851343908844,
        37.776488106001096
    ],
    [
        51.25247980079493,
        37.77665867911861
    ],
    [
        51.25171898487565,
        37.777638184725475
    ],
    [
        51.25081581363091,
        37.778788259902996
    ],
    [
        51.25031434764543,
        37.77942009857881
    ],
    [
        51.25013212726904,
        37.779542365321106
    ],
    [
        51.24995981814891,
        37.779682633517154
    ],
    [
        51.24963615920018,
        37.7799633057617
    ],
    [
        51.24926606279476,
        37.7800799088468
    ],
    [
        51.24900603841468,
        37.78005981602317
    ],
    [
        51.2488854116655,
        37.78005747508746
    ],
    [
        51.24828565002784,
        37.7797897954396
    ],
    [
        51.24762369805413,
        37.77949184155918
    ],
    [
        51.24691675078205,
        37.77917490395242
    ],
    [
        51.246537126767265,
        37.77901344829482
    ],
    [
        51.24633255434941,
        37.77897504388483
    ],
    [
        51.24598892657352,
        37.77908180828416
    ],
    [
        51.24557949271485,
        37.77943666186252
    ],
    [
        51.24508468043868,
        37.7798917679346
    ],
    [
        51.24477750378253,
        37.780174779396305
    ],
    [
        51.24460169590233,
        37.78040593622998
    ],
    [
        51.24443909178717,
        37.78071904560568
    ],
    [
        51.24428348851117,
        37.78121286784483
    ],
    [
        51.244158701569376,
        37.78181366917917
    ],
    [
        51.243888350344434,
        37.783245736958264
    ],
    [
        51.243759958759455,
        37.78395209720395
    ],
    [
        51.243443360617306,
        37.784055131702445
    ],
    [
        51.243303565404034,
        37.78429665815412
    ],
    [
        51.243210570182555,
        37.78477530290269
    ],
    [
        51.243261953769775,
        37.784983911598886
    ],
    [
        51.2435331349547,
        37.785101073493536
    ],
    [
        51.24345248954725,
        37.785540679683294
    ],
    [
        51.24338041063697,
        37.78597349702309
    ],
    [
        51.2432926774749,
        37.78644412116665
    ],
    [
        51.24321392950105,
        37.78688724886655
    ],
    [
        51.24307619357856,
        37.78756917281399
    ],
    [
        51.24295195976708,
        37.78842964764405
    ],
    [
        51.242913413254115,
        37.78866104823078
    ],
    [
        51.24338406382654,
        37.78886080124883
    ],
    [
        51.243996507935606,
        37.78913699487893
    ],
    [
        51.243999559535325,
        37.78916712637675
    ],
    [
        51.243906673869674,
        37.789659452312236
    ],
    [
        51.243772513327514,
        37.79037340355583
    ],
    [
        51.24349367647676,
        37.79184917009502
    ],
    [
        51.243315838957756,
        37.79287308332542
    ],
    [
        51.243321747000806,
        37.793206077905495
    ],
    [
        51.24344022518591,
        37.79361220424812
    ],
    [
        51.24334658933418,
        37.7940786447916
    ],
    [
        51.24322661126564,
        37.79471898635245
    ]
]