[
    [
        51.32423571993371,
        37.88231439582174
    ],
    [
        51.32417910474027,
        37.8823802845057
    ],
    [
        51.32416057611627,
        37.88248076474778
    ],
    [
        51.32391352708092,
        37.88274926113354
    ],
    [
        51.32346402978766,
        37.883223633672486
    ],
    [
        51.32291482218346,
        37.883815573995804
    ],
    [
        51.3222523882491,
        37.88458896481231
    ],
    [
        51.32157110746152,
        37.885379091413284
    ],
    [
        51.32068605301444,
        37.88635478681542
    ],
    [
        51.320090749610415,
        37.88699325597426
    ],
    [
        51.31925178983454,
        37.88791415780773
    ],
    [
        51.318516595882016,
        37.888737848115255
    ],
    [
        51.31794327388309,
        37.88936169615013
    ],
    [
        51.31760797592176,
        37.88973134835757
    ],
    [
        51.31755548855915,
        37.88968344356525
    ],
    [
        51.317496685020046,
        37.88973713830785
    ],
    [
        51.31747738159001,
        37.88988762615992
    ],
    [
        51.31702340150929,
        37.890417172517516
    ],
    [
        51.31648281679742,
        37.89099583304437
    ],
    [
        51.31597993627645,
        37.89156436201796
    ],
    [
        51.315557701051176,
        37.89204386016968
    ],
    [
        51.31514707379202,
        37.892480132004664
    ],
    [
        51.31507484759592,
        37.892567103452194
    ],
    [
        51.31499833919446,
        37.892569910294725
    ],
    [
        51.31496201301178,
        37.892611586171824
    ],
    [
        51.314930239773986,
        37.892711858640325
    ],
    [
        51.31450447884157,
        37.89319513374173
    ],
    [
        51.31400714064503,
        37.893766185716714
    ],
    [
        51.31363822311434,
        37.894161435641934
    ],
    [
        51.31316498852715,
        37.894695564555605
    ],
    [
        51.31284637661784,
        37.89505389023225
    ],
    [
        51.312490154736054,
        37.89544303530337
    ],
    [
        51.312246461756615,
        37.89572932342895
    ],
    [
        51.311708746900194,
        37.89630712181693
    ],
    [
        51.311566557416086,
        37.89644219015727
    ],
    [
        51.31152938865705,
        37.89643094606481
    ],
    [
        51.311494406159966,
        37.896467412644284
    ],
    [
        51.31147159413683,
        37.896575509836936
    ],
    [
        51.31121655911019,
        37.896856262866436
    ],
    [
        51.310972219275214,
        37.89712691600948
    ],
    [
        51.310604589399304,
        37.89748613203872
    ],
    [
        51.31085298473192,
        37.89800062010593
    ],
    [
        51.31133583195313,
        37.89913916688519
    ],
    [
        51.311740129965585,
        37.90001452492896
    ],
    [
        51.31191166186068,
        37.90044630719484
    ],
    [
        51.31191463029046,
        37.90051096210479
    ],
    [
        51.31193129060702,
        37.90055827454219
    ],
    [
        51.311970928823285,
        37.90057385875912
    ],
    [
        51.31212844002846,
        37.900914695511716
    ],
    [
        51.3123885947405,
        37.901514561795636
    ],
    [
        51.312714951825484,
        37.902274468012735
    ],
    [
        51.3132604276972,
        37.903562601702845
    ],
    [
        51.31368101346726,
        37.904514974417935
    ],
    [
        51.313809475120706,
        37.90491540091614
    ],
    [
        51.313813905878675,
        37.90509525653462
    ],
    [
        51.31363065692656,
        37.9053702480071
    ],
    [
        51.31354712980473,
        37.905364897775115
    ],
    [
        51.31350086808169,
        37.90541494590687
    ],
    [
        51.313502674557185,
        37.905509666738965
    ],
    [
        51.31322401090932,
        37.90584879222075
    ],
    [
        51.31287775375495,
        37.90620182736288
    ],
    [
        51.312561548464544,
        37.906562043627076
    ],
    [
        51.312156293498276,
        37.90701067641962
    ],
    [
        51.31173922622085,
        37.90746657772212
    ],
    [
        51.3114010034615,
        37.907842883207564
    ],
    [
        51.3110624094534,
        37.90821519329785
    ],
    [
        51.31074241680483,
        37.90858272817155
    ],
    [
        51.31028379589287,
        37.90906695862972
    ],
    [
        51.31024234672927,
        37.90911493362452
    ],
    [
        51.31019956428875,
        37.90907551697566
    ],
    [
        51.31015940164863,
        37.90911127416908
    ],
    [
        51.31015803751919,
        37.909208817937156
    ],
    [
        51.310096860749354,
        37.909277678183486
    ],
    [
        51.30971523407305,
        37.90970312047875
    ],
    [
        51.30933600929677,
        37.910116589774475
    ],
    [
        51.3089371938847,
        37.91046979817176
    ],
    [
        51.308626853450704,
        37.91074483858989
    ],
    [
        51.30856576616523,
        37.91075825570306
    ],
    [
        51.308505325895055,
        37.910648193855025
    ],
    [
        51.30836075213989,
        37.91029474298469
    ],
    [
        51.30814333224387,
        37.909902579666266
    ],
    [
        51.307849683784326,
        37.90929912930471
    ],
    [
        51.307532712227584,
        37.908562768380676
    ],
    [
        51.30735802758588,
        37.90814063421749
    ],
    [
        51.30739583503316,
        37.90808815297029
    ],
    [
        51.30736394559813,
        37.907982567522254
    ],
    [
        51.30724641292315,
        37.90789343568832
    ],
    [
        51.306963871249366,
        37.90724651870917
    ],
    [
        51.30658455227376,
        37.90638936822515
    ],
    [
        51.306306067772,
        37.90579248334279
    ],
    [
        51.30597827254337,
        37.9050152907713
    ],
    [
        51.305695920669905,
        37.90434893620352
    ],
    [
        51.30543346771785,
        37.90373749277063
    ],
    [
        51.30512507299284,
        37.903061634002256
    ],
    [
        51.304762726970864,
        37.90224034004524
    ],
    [
        51.30442075690661,
        37.901457300898755
    ],
    [
        51.30408423062016,
        37.90063960523855
    ],
    [
        51.30379684108249,
        37.89994465284116
    ],
    [
        51.30358742132515,
        37.899431253068144
    ],
    [
        51.303601010969146,
        37.899344971200236
    ],
    [
        51.30357677138787,
        37.89927132680083
    ],
    [
        51.30349086345217,
        37.89923929156993
    ],
    [
        51.30325156171301,
        37.89871693291411
    ],
    [
        51.302953341444436,
        37.89805827387008
    ],
    [
        51.302687260098935,
        37.8974253021222
    ],
    [
        51.30239943845194,
        37.89675007649882
    ],
    [
        51.30214967579198,
        37.89618763986596
    ],
    [
        51.30187714191257,
        37.89557661656059
    ],
    [
        51.301556955733275,
        37.89480973038138
    ],
    [
        51.301568307563144,
        37.894711046992825
    ],
    [
        51.301527028942076,
        37.894638174776276
    ],
    [
        51.30147273434025,
        37.894623392371386
    ],
    [
        51.30130152058857,
        37.89425109321772
    ],
    [
        51.30110807425726,
        37.893805104635675
    ],
    [
        51.30089152069095,
        37.89332798979396
    ],
    [
        51.3005870928221,
        37.89264869685314
    ],
    [
        51.3003623413467,
        37.8920776255365
    ],
    [
        51.300359306365834,
        37.89186995276137
    ],
    [
        51.30040596150238,
        37.891628014928045
    ],
    [
        51.30069041260373,
        37.89129952661585
    ],
    [
        51.3011395359307,
        37.890800863861784
    ],
    [
        51.301571058595755,
        37.89032088976913
    ],
    [
        51.30201068518937,
        37.889841893538375
    ],
    [
        51.3024796646302,
        37.88933124551431
    ],
    [
        51.30264141366047,
        37.889161235350656
    ],
    [
        51.3026702126663,
        37.889184317768866
    ],
    [
        51.302699571969754,
        37.88914932529639
    ],
    [
        51.30272667890168,
        37.889072048470695
    ],
    [
        51.30302565564244,
        37.88871517679959
    ],
    [
        51.30353020627339,
        37.888163215078634
    ],
    [
        51.30404460646449,
        37.88759477538207
    ],
    [
        51.3044808409812,
        37.88709664272366
    ],
    [
        51.304947062034415,
        37.886588996531714
    ],
    [
        51.30551194040382,
        37.88594847592856
    ],
    [
        51.305905007569095,
        37.88554430432893
    ],
    [
        51.30645829563417,
        37.88492633472998
    ],
    [
        51.30689604842996,
        37.884438641249034
    ],
    [
        51.30741505856318,
        37.883847953363215
    ],
    [
        51.30774870379372,
        37.88347217747685
    ],
    [
        51.30818484163723,
        37.88301549442872
    ],
    [
        51.308235383465274,
        37.883022278686155
    ],
    [
        51.3082645330515,
        37.88298608179119
    ],
    [
        51.30828409364568,
        37.88288740755053
    ],
    [
        51.30864983777798,
        37.88248807522757
    ],
    [
        51.30926886005645,
        37.88181402789317
    ],
    [
        51.30990421694659,
        37.8810934526436
    ],
    [
        51.310505830595986,
        37.88042837779395
    ],
    [
        51.311134309207205,
        37.87969781693468
    ],
    [
        51.310775659493856,
        37.878828855231916
    ],
    [
        51.31077583971964,
        37.87882885914837
    ],
    [
        51.31046786564815,
        37.878115098834286
    ],
    [
        51.31008462708809,
        37.87722161189774
    ],
    [
        51.30974228301554,
        37.87643914967336
    ],
    [
        51.309724053463725,
        37.87635351463226
    ],
    [
        51.3097243224575,
        37.87625877178948
    ],
    [
        51.30969964509441,
        37.87620198926737
    ],
    [
        51.309611036194894,
        37.876131247424695
    ],
    [
        51.30934304129005,
        37.87549206798499
    ],
    [
        51.309062679711985,
        37.87480700087983
    ],
    [
        51.30884783395925,
        37.87428390237781
    ],
    [
        51.30872389205706,
        37.87400405502248
    ],
    [
        51.308732847455985,
        37.873944892876466
    ],
    [
        51.3087219670403,
        37.873908312242406
    ],
    [
        51.3086509001231,
        37.87382785790294
    ],
    [
        51.30838201185588,
        37.87321703566886
    ],
    [
        51.308126587346834,
        37.87261895297061
    ],
    [
        51.307798611974135,
        37.87190234329222
    ],
    [
        51.30755966125088,
        37.871341882432375
    ],
    [
        51.30748198867775,
        37.871108016410545
    ],
    [
        51.30737180166582,
        37.87024052642727
    ],
    [
        51.30728477204059,
        37.869255515604834
    ],
    [
        51.30721251235914,
        37.86851837170255
    ],
    [
        51.307161238661564,
        37.86792350386281
    ],
    [
        51.30710851038006,
        37.86729367787828
    ],
    [
        51.307069540551794,
        37.86693252349929
    ],
    [
        51.30704653489366,
        37.86598729808989
    ],
    [
        51.30701283936793,
        37.864968672121535
    ],
    [
        51.3069919893133,
        37.864154040886774
    ],
    [
        51.3069872689735,
        37.8637302670881
    ],
    [
        51.307017965622975,
        37.86369998622058
    ],
    [
        51.307016771900635,
        37.86360457675403
    ],
    [
        51.306976182356124,
        37.86347729946212
    ],
    [
        51.306971292525304,
        37.862688614354425
    ],
    [
        51.30703577819057,
        37.86218740991407
    ],
    [
        51.307261807597655,
        37.86134898650252
    ],
    [
        51.3075816972993,
        37.86045059663073
    ],
    [
        51.30776240813549,
        37.859532453939835
    ],
    [
        51.30779843743471,
        37.8585479374228
    ],
    [
        51.307715301382444,
        37.85772703170366
    ],
    [
        51.30774800604877,
        37.857691390812136
    ],
    [
        51.30774065518088,
        37.857608353706695
    ],
    [
        51.30767355399823,
        37.85752338306477
    ],
    [
        51.30754975982421,
        37.85705082136545
    ],
    [
        51.307314949036424,
        37.856234785812205
    ],
    [
        51.30702572299211,
        37.85534788440259
    ],
    [
        51.30676598687907,
        37.85455213023607
    ],
    [
        51.30643304579891,
        37.853550201669094
    ],
    [
        51.30616440478397,
        37.852723239037914
    ],
    [
        51.3058926296286,
        37.851974345172664
    ],
    [
        51.305594199076666,
        37.8513726544729
    ],
    [
        51.30537127360924,
        37.85091942663999
    ],
    [
        51.30510856316556,
        37.85038369385481
    ],
    [
        51.30510140781158,
        37.85027291884626
    ],
    [
        51.30506817616467,
        37.85024639065503
    ],
    [
        51.30500078131635,
        37.85021188286626
    ],
    [
        51.30459541668486,
        37.849550788625436
    ],
    [
        51.30417411863576,
        37.84893165037795
    ],
    [
        51.30378205139564,
        37.848348039616525
    ],
    [
        51.30336749750296,
        37.8475989773213
    ],
    [
        51.30305823112931,
        37.84707369310371
    ],
    [
        51.3026492858117,
        37.8464669524665
    ],
    [
        51.30223296636541,
        37.84596492708832
    ],
    [
        51.301812197943036,
        37.84549693257961
    ],
    [
        51.301398725234606,
        37.84494798965039
    ],
    [
        51.30111871732473,
        37.844526324769646
    ],
    [
        51.300833575050916,
        37.84401257175588
    ],
    [
        51.3005094244084,
        37.843301911890336
    ],
    [
        51.29996889832677,
        37.842228221060225
    ],
    [
        51.29930128998157,
        37.840865186030584
    ],
    [
        51.29868029620238,
        37.8394405977314
    ],
    [
        51.29801340203164,
        37.8379604780923
    ],
    [
        51.29733963375111,
        37.83653737235909
    ],
    [
        51.296689335647415,
        37.83505715760202
    ],
    [
        51.296654395081305,
        37.8348593289474
    ],
    [
        51.296552614386,
        37.83461556396438
    ],
    [
        51.29639194580486,
        37.83424046714708
    ],
    [
        51.296374273804105,
        37.834144075574244
    ],
    [
        51.29634847205605,
        37.834084849565954
    ],
    [
        51.29631071089855,
        37.83407777833463
    ],
    [
        51.29616905992782,
        37.83379267533897
    ],
    [
        51.29605348179024,
        37.83352358627923
    ],
    [
        51.295912982859676,
        37.83320279841598
    ],
    [
        51.29573190441374,
        37.83278377863812
    ],
    [
        51.295332818486344,
        37.83185927789205
    ],
    [
        51.29492960822677,
        37.830871485265504
    ],
    [
        51.29471347729776,
        37.83044255182563
    ],
    [
        51.29426896387659,
        37.82974920192953
    ],
    [
        51.29379237397893,
        37.829107650677
    ],
    [
        51.293277281655605,
        37.82842482035423
    ],
    [
        51.29261924468818,
        37.82757211621728
    ],
    [
        51.292006891828805,
        37.82678053940003
    ],
    [
        51.29136897734699,
        37.82601274815147
    ],
    [
        51.2907061497653,
        37.82525322131349
    ],
    [
        51.28994785185793,
        37.82449773590358
    ],
    [
        51.28957467849227,
        37.82407562320972
    ],
    [
        51.28956958465707,
        37.82400646820204
    ],
    [
        51.28954349978295,
        37.82398344574335
    ],
    [
        51.289443798106134,
        37.823969585789314
    ],
    [
        51.28883772870881,
        37.82327405970494
    ],
    [
        51.28818007728978,
        37.822517199225274
    ],
    [
        51.28779592136931,
        37.82209142826801
    ],
    [
        51.287700095973605,
        37.82184727189079
    ],
    [
        51.28755471578265,
        37.820923335881446
    ],
    [
        51.287461942946464,
        37.82039383702892
    ],
    [
        51.28735606266065,
        37.820297334491954
    ],
    [
        51.28725759227325,
        37.82030260272711
    ],
    [
        51.28715669830797,
        37.820373601441986
    ],
    [
        51.28704284012457,
        37.82060206757228
    ],
    [
        51.28695723151506,
        37.82086263409829
    ],
    [
        51.286722423719425,
        37.820676197466355
    ],
    [
        51.286406102121305,
        37.82026847673001
    ],
    [
        51.28640533460489,
        37.82020510438693
    ],
    [
        51.28638468884378,
        37.82017601013564
    ],
    [
        51.28634227881355,
        37.8201864650967
    ],
    [
        51.2859380716815,
        37.81969914297326
    ],
    [
        51.28563500741711,
        37.81928430718048
    ],
    [
        51.28527736220994,
        37.818843814644794
    ],
    [
        51.284963350366155,
        37.81846368466836
    ],
    [
        51.28458074058412,
        37.817989641423566
    ],
    [
        51.28425132266136,
        37.81756700020904
    ],
    [
        51.283802897598605,
        37.81700702148794
    ],
    [
        51.2832229649928,
        37.81627790562854
    ],
    [
        51.282535796851136,
        37.81542695083357
    ],
    [
        51.28192906827937,
        37.81468054830461
    ],
    [
        51.281407081432405,
        37.81403342796713
    ],
    [
        51.28086893304433,
        37.81336990820674
    ],
    [
        51.28039458146711,
        37.812768007061806
    ],
    [
        51.28002700061455,
        37.81228696267257
    ],
    [
        51.2797101786623,
        37.811890349118045
    ],
    [
        51.279731166465155,
        37.811835390161605
    ],
    [
        51.27970814836789,
        37.81181103854067
    ],
    [
        51.27965661667113,
        37.81181103573141
    ],
    [
        51.27933025158623,
        37.81142834834759
    ],
    [
        51.27912574717334,
        37.81128696659451
    ],
    [
        51.27893412389699,
        37.811073268921035
    ],
    [
        51.27878556094089,
        37.810924334038276
    ],
    [
        51.27868283205055,
        37.810919685445924
    ],
    [
        51.2786305295063,
        37.81103883948856
    ],
    [
        51.278564513297596,
        37.81108703179001
    ],
    [
        51.278376702731634,
        37.81105266252405
    ],
    [
        51.27821908045729,
        37.81094926759155
    ],
    [
        51.27758351242409,
        37.81052398374965
    ],
    [
        51.27669462095611,
        37.80993629183121
    ],
    [
        51.275991987737,
        37.8094777388732
    ],
    [
        51.275215344151434,
        37.80897053852263
    ],
    [
        51.274553091693576,
        37.80854189576294
    ],
    [
        51.273589600380774,
        37.80791030325793
    ],
    [
        51.272711854144745,
        37.80732967304945
    ],
    [
        51.272431746195934,
        37.80711838587155
    ],
    [
        51.27229323306591,
        37.806857159909356
    ],
    [
        51.272091908503285,
        37.80643895286181
    ],
    [
        51.27205606335227,
        37.806238435621566
    ],
    [
        51.272000800222656,
        37.80606165016357
    ],
    [
        51.27185543011302,
        37.80593684280237
    ],
    [
        51.27174171826542,
        37.805938084980085
    ],
    [
        51.27167502788879,
        37.80587143433968
    ],
    [
        51.27150864431084,
        37.8056979868079
    ],
    [
        51.27137292647319,
        37.80549943089275
    ],
    [
        51.27095460645762,
        37.80471170087736
    ],
    [
        51.27016903911775,
        37.80325888142312
    ],
    [
        51.269437108442986,
        37.8019156489149
    ],
    [
        51.268674390241245,
        37.80050602748014
    ],
    [
        51.26786463252574,
        37.79901584642036
    ],
    [
        51.26710302379888,
        37.797634260359615
    ],
    [
        51.26642321482569,
        37.796369323218784
    ],
    [
        51.266236636501134,
        37.79605855189715
    ],
    [
        51.26571429786867,
        37.795413255572214
    ],
    [
        51.264865477447785,
        37.79445905053555
    ],
    [
        51.26416123136639,
        37.79365862110768
    ],
    [
        51.2634058743466,
        37.79282575094365
    ],
    [
        51.26259581434496,
        37.79191665505007
    ],
    [
        51.26181538873146,
        37.791031009881635
    ],
    [
        51.2609633415058,
        37.79009487920783
    ],
    [
        51.26008663291492,
        37.78909925319573
    ],
    [
        51.25922491587849,
        37.78812870196927
    ],
    [
        51.258697787971784,
        37.78754600167602
    ],
    [
        51.257971956815,
        37.78643247442665
    ],
    [
        51.25710952558916,
        37.78478471163831
    ],
    [
        51.25661354724522,
        37.78387682107686
    ],
    [
        51.25592579203098,
        37.78254094735527
    ],
    [
        51.25520526814543,
        37.78116434907807
    ],
    [
        51.254403285723214,
        37.77957308340996
    ],
    [
        51.254403423799914,
        37.77957325518645
    ],
    [
        51.25384534968376,
        37.77848780966619
    ],
    [
        51.25304924024155,
        37.77693528465201
    ],
    [
        51.25284998383481,
        37.77646092210409
    ],
    [
        51.25318845229219,
        37.77391627885004
    ],
    [
        51.25342995279348,
        37.77184896136245
    ],
    [
        51.2534776245717,
        37.77096253843203
    ],
    [
        51.25343269202207,
        37.76912805676068
    ],
    [
        51.253259271948224,
        37.76877804609677
    ],
    [
        51.253064744262815,
        37.76876205713427
    ],
    [
        51.25259259038731,
        37.76880422661688
    ],
    [
        51.25204521547468,
        37.768589518217595
    ],
    [
        51.25089514920228,
        37.767513817051
    ],
    [
        51.24950915734965,
        37.76794894268289
    ],
    [
        51.2487596224756,
        37.76816611263874
    ],
    [
        51.24846578383193,
        37.76802120564139
    ],
    [
        51.248075915170915,
        37.76732745379087
    ],
    [
        51.24760769245805,
        37.76647347931274
    ],
    [
        51.2470793341883,
        37.76594004594182
    ],
    [
        51.24673894735517,
        37.76533544486702
    ],
    [
        51.24625793124818,
        37.7635722421162
    ],
    [
        51.24579587892987,
        37.761690845135604
    ],
    [
        51.24533850877728,
        37.75957250155565
    ],
    [
        51.245019018274945,
        37.75803734452552
    ],
    [
        51.244796165529436,
        37.75701033250513
    ],
    [
        51.24459200409831,
        37.756705312466494
    ],
    [
        51.244343392861055,
        37.75660053708245
    ],
    [
        51.24367318245979,
        37.75699525415661
    ],
    [
        51.24324103165267,
        37.75727301375963
    ],
    [
        51.24305692564599,
        37.75742365416349
    ],
    [
        51.2429365906263,
        37.75772611307525
    ],
    [
        51.24289451556544,
        37.75806977013994
    ],
    [
        51.24297240929772,
        37.75848632146645
    ],
    [
        51.24326853771626,
        37.759693209767306
    ],
    [
        51.24359008890994,
        37.760954340392374
    ],
    [
        51.24372274624875,
        37.76148526575932
    ],
    [
        51.24379483801701,
        37.76264835460486
    ],
    [
        51.24387822936774,
        37.76400234187969
    ]
]